Dimension matrix computed: 99

EIGEN VALUE
1.67829e-02     -2.05339e-02     2.29364e-02     
3.34400e-02     -4.07087e-02     4.52427e-02     
4.98473e-02     -6.01726e-02     6.63071e-02     
6.58836e-02     -7.85874e-02     8.55533e-02     
8.14325e-02     -9.56356e-02     1.02457e-01     
9.63835e-02     -1.11026e-01     1.16562e-01     
1.10633e-01     -1.24500e-01     1.27490e-01     
1.24088e-01     -1.35834e-01     1.34955e-01     
1.36661e-01     -1.44846e-01     1.38765e-01     
1.48280e-01     -1.51399e-01     1.38833e-01     
1.58878e-01     -1.55398e-01     1.35173e-01     
1.68406e-01     -1.56797e-01     1.27901e-01     
1.76823e-01     -1.55595e-01     1.17229e-01     
1.84101e-01     -1.51835e-01     1.03461e-01     
1.90223e-01     -1.45606e-01     8.69764e-02     
1.95187e-01     -1.37035e-01     6.82244e-02     
1.99000e-01     -1.26286e-01     4.77070e-02     
2.01680e-01     -1.13557e-01     2.59649e-02     
2.03256e-01     -9.90716e-02     3.56198e-03     
2.03767e-01     -8.30769e-02     -1.89308e-02     
2.03259e-01     -6.58368e-02     -4.09507e-02     
2.01788e-01     -4.76267e-02     -6.19583e-02     
1.99414e-01     -2.87277e-02     -8.14509e-02     
1.96204e-01     -9.42123e-03     -9.89748e-02     
1.92229e-01     1.00161e-02     -1.14136e-01     
1.87564e-01     2.93174e-02     -1.26606e-01     
1.82285e-01     4.82298e-02     -1.36133e-01     
1.76470e-01     6.65184e-02     -1.42539e-01     
1.70196e-01     8.39695e-02     -1.45728e-01     
1.63540e-01     1.00393e-01     -1.45678e-01     
1.56579e-01     1.15626e-01     -1.42445e-01     
1.49383e-01     1.29531e-01     -1.36154e-01     
1.42024e-01     1.41999e-01     -1.26993e-01     
1.34566e-01     1.52950e-01     -1.15207e-01     
1.27072e-01     1.62331e-01     -1.01088e-01     
1.19598e-01     1.70116e-01     -8.49649e-02     
1.12196e-01     1.76303e-01     -6.71958e-02     
1.04912e-01     1.80915e-01     -4.81554e-02     
9.77890e-02     1.83996e-01     -2.82264e-02     
9.08621e-02     1.85608e-01     -7.79022e-03     
8.41625e-02     1.85829e-01     1.27821e-02     
7.77161e-02     1.84753e-01     3.31376e-02     
7.15438e-02     1.82482e-01     5.29478e-02     
6.56619e-02     1.79128e-01     7.19152e-02     
6.00821e-02     1.74809e-01     8.97767e-02     
5.48122e-02     1.69645e-01     1.06308e-01     
4.98563e-02     1.63757e-01     1.21324e-01     
4.52148e-02     1.57266e-01     1.34681e-01     
4.08854e-02     1.50289e-01     1.46277e-01     
3.68630e-02     1.42938e-01     1.56049e-01     
3.31402e-02     1.35321e-01     1.63972e-01     
2.97076e-02     1.27537e-01     1.70055e-01     
2.65543e-02     1.19678e-01     1.74339e-01     
2.36681e-02     1.11826e-01     1.76894e-01     
2.10358e-02     1.04057e-01     1.77812e-01     
1.86435e-02     9.64353e-02     1.77206e-01     
1.64768e-02     8.90168e-02     1.75204e-01     
1.45212e-02     8.18491e-02     1.71946e-01     
1.27620e-02     7.49706e-02     1.67579e-01     
1.11847e-02     6.84120e-02     1.62253e-01     
9.77524e-03     6.21961e-02     1.56120e-01     
8.51981e-03     5.63388e-02     1.49328e-01     
7.40519e-03     5.08497e-02     1.42020e-01     
6.41874e-03     4.57326e-02     1.34334e-01     
5.54848e-03     4.09864e-02     1.26395e-01     
4.78314e-03     3.66056e-02     1.18320e-01     
4.11215e-03     3.25812e-02     1.10216e-01     
3.52569e-03     2.89010e-02     1.02176e-01     
3.01470e-03     2.55506e-02     9.42815e-02     
2.57080e-03     2.25136e-02     8.66017e-02     
2.18636e-03     1.97723e-02     7.91946e-02     
1.85442e-03     1.73081e-02     7.21066e-02     
1.56865e-03     1.51020e-02     6.53736e-02     
1.32336e-03     1.31347e-02     5.90217e-02     
1.11344e-03     1.13873e-02     5.30681e-02     
9.34324e-04     9.84099e-03     4.75220e-02     
7.81927e-04     8.47784e-03     4.23858e-02     
6.52642e-04     7.28057e-03     3.76556e-02     
5.43281e-04     6.23280e-03     3.33226e-02     
4.51037e-04     5.31913e-03     2.93738e-02     
3.73453e-04     4.52520e-03     2.57928e-02     
3.08383e-04     3.83769e-03     2.25608e-02     
2.53960e-04     3.24433e-03     1.96570e-02     
2.08568e-04     2.73391e-03     1.70595e-02     
1.70810e-04     2.29624e-03     1.47456e-02     
1.39484e-04     1.92211e-03     1.26924e-02     
1.13560e-04     1.60320e-03     1.08771e-02     
9.21568e-05     1.33209e-03     9.27751e-03     
7.45229e-05     1.10216e-03     7.87205e-03     
6.00196e-05     9.07515e-04     6.64000e-03     
4.81048e-05     7.42941e-04     5.56166e-03     
3.83191e-05     6.03824e-04     4.61835e-03     
3.02731e-05     4.86088e-04     3.79245e-03     
2.36367e-05     3.86126e-04     3.06736e-03     
1.81283e-05     3.00735e-04     2.42738e-03     
1.35066e-05     2.27048e-04     1.85763e-03     
9.56165e-06     1.62467e-04     1.34383e-03     
6.10732e-06     1.04599e-04     8.72133e-04     
2.97373e-06     5.11793e-05     4.28824e-04     
