     0.12566371      14.526820      11.268163     0.99211470 -9.2247644E-06
     0.25132741      15.824544      9.3586203     0.96858316 -1.8449528E-05
     0.37699112      16.872706      7.3014877     0.92977649 -2.7674292E-05
     0.50265482      17.654777      5.1292069     0.87630668 -3.6899054E-05
     0.62831853      18.158423      2.8760358     0.80901699 -4.6123817E-05
     0.75398224      18.375701     0.57750831     0.72896863 -5.5348579E-05
     0.87964594      18.303184     -1.7301267     0.63742399 -6.4573340E-05
      1.0053096      17.942016     -4.0104765     0.53582679 -7.3798101E-05
      1.1309734      17.297893     -6.2275789     0.42577929 -8.3022861E-05
      1.2566371      16.380973     -8.3464690     0.30901699 -9.2247621E-05
      1.3823008      15.205716     -10.333731     0.18738131 -0.00010147238
      1.5079645      13.790658     -12.158024    0.062790520 -0.00011069714
      1.6336282      12.158113     -13.790578   -0.062790520 -0.00011992190
      1.7592919      10.333828     -15.205648    -0.18738131 -0.00012914666
      1.8849556      8.3465742     -16.380916    -0.30901699 -0.00013837141
      2.0106193      6.2276900     -17.297849    -0.42577929 -0.00014759617
      2.1362830      4.0105920     -17.941985    -0.53582679 -0.00015682093
      2.2619467      1.7302450     -18.303167    -0.63742399 -0.00016604568
      2.3876104    -0.57738882     -18.375698    -0.72896863 -0.00017527044
      2.5132741     -2.8759168     -18.158434    -0.80901699 -0.00018449519
      2.6389378     -5.1290899     -17.654802    -0.87630668 -0.00019371995
      2.7646015     -7.3013744     -16.872745    -0.92977649 -0.00020294470
      2.8902652     -9.3585122     -15.824596    -0.96858316 -0.00021216945
      3.0159289     -11.268061     -14.526884    -0.99211470 -0.00022139421
      3.1415927     -12.999907     -13.000076     -1.0000000 -0.00023061896
      3.2672564     -14.526737     -11.268249    -0.99211470 -0.00023984371
      3.3929201     -15.824472     -9.3587166    -0.96858316 -0.00024906846
      3.5185838     -16.872648     -7.3015922    -0.92977649 -0.00025829321
      3.6442475     -17.654732     -5.1293180    -0.87630668 -0.00026751796
      3.7699112     -18.158392     -2.8761517    -0.80901699 -0.00027674271
      3.8955749     -18.375684    -0.57762721    -0.72896863 -0.00028596746
      4.0212386     -18.303182      1.7300067    -0.63742399 -0.00029519221
      4.1469023     -17.942030      4.0103573    -0.53582679 -0.00030441696
      4.2725660     -17.297921      6.2274624    -0.42577929 -0.00031364171
      4.3982297     -16.381016      8.3463569    -0.30901699 -0.00032286645
      4.5238934     -15.205773      10.333625    -0.18738131 -0.00033209120
      4.6495571     -13.790727      12.157926   -0.062790520 -0.00034131595
      4.7752208     -12.158194      13.790490    0.062790520 -0.00035054069
      4.9008845     -10.333920      15.205571     0.18738131 -0.00035976544
      5.0265482     -8.3466748      16.380851     0.30901699 -0.00036899018
      5.1522120     -6.2277981      17.297797     0.42577929 -0.00037821493
      5.2778757     -4.0107058      17.941947     0.53582679 -0.00038743967
      5.4035394     -1.7303626      18.303143     0.63742399 -0.00039666441
      5.5292031     0.57726914      18.375689     0.72896863 -0.00040588916
      5.6548668      2.8757969      18.158441     0.80901699 -0.00041511390
      5.7805305      5.1289718      17.654824     0.87630668 -0.00042433864
      5.9061942      7.3012598      16.872781     0.92977649 -0.00043356338
      6.0318579      9.3584031      15.824646     0.96858316 -0.00044278812
      6.1575216      11.267959      14.526947     0.99211470 -0.00045201286
      6.2831853      12.999813      13.000151      1.0000000 -0.00046123760
      6.4088490      14.526654      11.268336     0.99211470 -0.00047046234
      6.5345127      15.824401      9.3588130     0.96858316 -0.00047968708
      6.6601764      16.872589      7.3016968     0.92977649 -0.00048891182
      6.7858401      17.654687      5.1294291     0.87630668 -0.00049813656
      6.9115038      18.158361      2.8762677     0.80901699 -0.00050736129
      7.0371675      18.375668     0.57774610     0.72896863 -0.00051658603
      7.1628313      18.303181     -1.7298867     0.63742399 -0.00052581077
      7.2884950      17.942043     -4.0102381     0.53582679 -0.00053503550
      7.4141587      17.297950     -6.2273459     0.42577929 -0.00054426024
      7.5398224      16.381059     -8.3462449     0.30901699 -0.00055348497
      7.6654861      15.205830     -10.333519     0.18738131 -0.00056270971
      7.7911498      13.790797     -12.157828    0.062790520 -0.00057193444
      7.9168135      12.158275     -13.790402   -0.062790520 -0.00058115917
      8.0424772      10.334012     -15.205493    -0.18738131 -0.00059038391
      8.1681409      8.3467755     -16.380786    -0.30901699 -0.00059960864
      8.2938046      6.2279061     -17.297745    -0.42577929 -0.00060883337
      8.4194683      4.0108195     -17.941909    -0.53582679 -0.00061805810
      8.5451320      1.7304803     -18.303120    -0.63742399 -0.00062728283
      8.6707957    -0.57714946     -18.375680    -0.72896863 -0.00063650756
      8.7964594     -2.8756771     -18.158447    -0.80901699 -0.00064573229
      8.9221231     -5.1288536     -17.654845    -0.87630668 -0.00065495702
      9.0477868     -7.3011453     -16.872817    -0.92977649 -0.00066418175
      9.1734505     -9.3582940     -15.824695    -0.96858316 -0.00067340648
      9.2991143     -11.267857     -14.527010    -0.99211470 -0.00068263120
      9.4247780     -12.999720     -13.000227     -1.0000000 -0.00069185593
      9.5504417     -14.526571     -11.268422    -0.99211470 -0.00070108066
      9.6761054     -15.824329     -9.3589093    -0.96858316 -0.00071030538
      9.8017691     -16.872530     -7.3018013    -0.92977649 -0.00071953011
      9.9274328     -17.654641     -5.1295402    -0.87630668 -0.00072875483
      10.053096     -18.158330     -2.8763836    -0.80901699 -0.00073797956
      10.178760     -18.375652    -0.57786500    -0.72896863 -0.00074720428
      10.304424     -18.303180      1.7297667    -0.63742399 -0.00075642901
      10.430088     -17.942057      4.0101189    -0.53582679 -0.00076565373
      10.555751     -17.297979      6.2272293    -0.42577929 -0.00077487845
      10.681415     -16.381102      8.3461329    -0.30901699 -0.00078410317
      10.807079     -15.205886      10.333413    -0.18738131 -0.00079332790
      10.932742     -13.790866      12.157730   -0.062790520 -0.00080255262
      11.058406     -12.158357      13.790313    0.062790520 -0.00081177734
      11.184070     -10.334103      15.205416     0.18738131 -0.00082100206
      11.309734     -8.3468761      16.380720     0.30901699 -0.00083022678
      11.435397     -6.2280142      17.297692     0.42577929 -0.00083945150
      11.561061     -4.0109332      17.941871     0.53582679 -0.00084867622
      11.686725     -1.7305979      18.303096     0.63742399 -0.00085790093
      11.812388     0.57702977      18.375671     0.72896863 -0.00086712565
      11.938052      2.8755573      18.158453     0.80901699 -0.00087635037
      12.063716      5.1287355      17.654866     0.87630668 -0.00088557508
      12.189379      7.3010308      16.872853     0.92977649 -0.00089479980
      12.315043      9.3581848      15.824745     0.96858316 -0.00090402452
      12.440707      11.267755      14.527074     0.99211470 -0.00091324923
      12.566371      12.999627      13.000302      1.0000000 -0.00092247395
      12.692034      14.526488      11.268509     0.99211470 -0.00093169866
