    0.012566371      2.9997631   -0.037698120     0.99992104 -2.4602542E-13
    0.025132741      2.9990526   -0.075390286     0.99968419 -4.9293902E-13
    0.037699112      2.9978684    -0.11307055     0.99928947 -7.3896445E-13
    0.050265482      2.9962109    -0.15073295     0.99873696 -9.8587805E-13
    0.062831853      2.9940802    -0.18837156     0.99802673 -1.2319035E-12
    0.075398224      2.9914767    -0.22598042     0.99715890 -1.4779289E-12
    0.087964594      2.9884008    -0.26355359     0.99613361 -1.7239543E-12
     0.10053096      2.9848531    -0.30108514     0.99495102 -1.9699797E-12
     0.11309734      2.9808339    -0.33856915     0.99361131 -2.2160052E-12
     0.12566371      2.9763441    -0.37599970     0.99211470 -2.4620306E-12
     0.13823008      2.9713843    -0.41337087     0.99046143 -2.7089442E-12
     0.15079645      2.9659552    -0.45067677     0.98865174 -2.9549696E-12
     0.16336282      2.9600578    -0.48791150     0.98668594 -3.2009950E-12
     0.17592919      2.9536930    -0.52506918     0.98456433 -3.4461323E-12
     0.18849556      2.9468618    -0.56214394     0.98228725 -3.6930459E-12
     0.20106193      2.9395652    -0.59912994     0.97985505 -3.9390713E-12
     0.21362830      2.9318044    -0.63602133     0.97726812 -4.1850967E-12
     0.22619467      2.9235806    -0.67281228     0.97452687 -4.4311221E-12
     0.23876104      2.9148952    -0.70949699     0.97163173 -4.6771476E-12
     0.25132741      2.9057495    -0.74606966     0.96858316 -4.9231730E-12
     0.26389378      2.8961449    -0.78252452     0.96538164 -5.1691984E-12
     0.27646015      2.8860830    -0.81885581     0.96202767 -5.4152238E-12
     0.28902652      2.8755654    -0.85505779     0.95852179 -5.6621374E-12
     0.30159289      2.8645936    -0.89112474     0.95486454 -5.9081628E-12
     0.31415927      2.8531695    -0.92705098     0.95105652 -6.1550764E-12
     0.32672564      2.8412949    -0.96283083     0.94709830 -6.4002137E-12
     0.33929201      2.8289716    -0.99845863     0.94299054 -6.6471273E-12
     0.35185838      2.8162016     -1.0339288     0.93873386 -6.8922645E-12
     0.36442475      2.8029868     -1.0692356     0.93432894 -7.1391781E-12
     0.37699112      2.7893295     -1.1043737     0.92977649 -7.3852036E-12
     0.38955749      2.7752316     -1.1393373     0.92507721 -7.6312290E-12
     0.40212386      2.7606955     -1.1741210     0.92023185 -7.8781426E-12
     0.41469023      2.7457235     -1.2087193     0.91524117 -8.1232798E-12
     0.42725660      2.7303179     -1.2431267     0.91010597 -8.3693052E-12
     0.43982297      2.7144812     -1.2773379     0.90482705 -8.6153307E-12
     0.45238934      2.6982158     -1.3113473     0.89940525 -8.8613561E-12
     0.46495571      2.6815243     -1.3451496     0.89384142 -9.1073815E-12
     0.47752208      2.6644093     -1.3787396     0.88813645 -9.3534069E-12
     0.49008845      2.6468737     -1.4121118     0.88229123 -9.5994324E-12
     0.50265482      2.6289200     -1.4452610     0.87630668 -9.8454578E-12
     0.51522120      2.6105513     -1.4781820     0.87018375 -1.0090595E-11
     0.52778757      2.5917703     -1.5108696     0.86392342 -1.0336620E-11
     0.54035394      2.5725800     -1.5433186     0.85752666 -1.0582646E-11
     0.55292031      2.5529834     -1.5755239     0.85099448 -1.0828671E-11
     0.56548668      2.5329838     -1.6074804     0.84432793 -1.1074697E-11
     0.57805305      2.5125841     -1.6391830     0.83752804 -1.1320722E-11
     0.59061942      2.4917877     -1.6706268     0.83059590 -1.1567636E-11
     0.60318579      2.4705978     -1.7018068     0.82353260 -1.1813661E-11
     0.61575216      2.4490178     -1.7327181     0.81633925 -1.2059687E-11
     0.62831853      2.4270510     -1.7633558     0.80901699 -1.2306600E-11
     0.64088490      2.4047010     -1.7937149     0.80156698 -1.2552626E-11
     0.65345127      2.3819712     -1.8237909     0.79399040 -1.2798651E-11
     0.66601764      2.3588653     -1.8535788     0.78628843 -1.3045565E-11
     0.67858401      2.3353869     -1.8830741     0.77846230 -1.3291590E-11
     0.69115038      2.3115397     -1.9122720     0.77051324 -1.3537615E-11
     0.70371675      2.2873275     -1.9411679     0.76244251 -1.3784529E-11
     0.71628313      2.2627541     -1.9697573     0.75425138 -1.4030554E-11
     0.72884950      2.2378234     -1.9980356     0.74594115 -1.4277468E-11
     0.74141587      2.2125394     -2.0259984     0.73751312 -1.4523494E-11
     0.75398224      2.1869059     -2.0536413     0.72896863 -1.4768631E-11
     0.76654861      2.1609271     -2.0809599     0.72030902 -1.5015544E-11
     0.77911498      2.1346070     -2.1079499     0.71153568 -1.5261570E-11
     0.79168135      2.1079499     -2.1346070     0.70264997 -1.5507595E-11
     0.80424772      2.0809599     -2.1609271     0.69365331 -1.5753621E-11
     0.81681409      2.0536413     -2.1869059     0.68454711 -1.6000534E-11
     0.82938046      2.0259984     -2.2125394     0.67533281 -1.6247448E-11
     0.84194683      1.9980356     -2.2378234     0.66601187 -1.6493473E-11
     0.85451320      1.9697573     -2.2627541     0.65658576 -1.6738610E-11
     0.86707957      1.9411679     -2.2873275     0.64705596 -1.6985524E-11
     0.87964594      1.9122720     -2.3115397     0.63742399 -1.7231550E-11
     0.89221231      1.8830741     -2.3353869     0.62769136 -1.7477575E-11
     0.90477868      1.8535788     -2.3588653     0.61785961 -1.7724489E-11
     0.91734505      1.8237909     -2.3819712     0.60793030 -1.7970514E-11
     0.92991143      1.7937149     -2.4047010     0.59790498 -1.8216539E-11
     0.94247780      1.7633558     -2.4270510     0.58778525 -1.8463453E-11
     0.95504417      1.7327181     -2.4490178     0.57757270 -1.8709478E-11
     0.96761054      1.7018068     -2.4705978     0.56726895 -1.8955504E-11
     0.98017691      1.6706268     -2.4917877     0.55687562 -1.9201529E-11
     0.99274328      1.6391830     -2.5125841     0.54639435 -1.9448443E-11
      1.0053096      1.6074804     -2.5329838     0.53582679 -1.9694468E-11
      1.0178760      1.5755239     -2.5529834     0.52517463 -1.9939606E-11
      1.0304424      1.5433186     -2.5725800     0.51443953 -2.0185631E-11
      1.0430088      1.5108696     -2.5917703     0.50362320 -2.0430768E-11
      1.0555751      1.4781820     -2.6105513     0.49272734 -2.0676794E-11
      1.0681415      1.4452610     -2.6289200     0.48175367 -2.0922819E-11
      1.0807079      1.4121118     -2.6468737     0.47070393 -2.1168844E-11
      1.0932742      1.3787396     -2.6644093     0.45957986 -2.1415758E-11
      1.1058406      1.3451496     -2.6815243     0.44838322 -2.1661783E-11
      1.1184070      1.3113473     -2.6982158     0.43711577 -2.1908697E-11
      1.1309734      1.2773379     -2.7144812     0.42577929 -2.2153834E-11
      1.1435397      1.2431267     -2.7303179     0.41437558 -2.2400748E-11
      1.1561061      1.2087193     -2.7457235     0.40290644 -2.2646773E-11
      1.1686725      1.1741210     -2.7606955     0.39137367 -2.2891911E-11
      1.1812388      1.1393373     -2.7752316     0.37977910 -2.3138824E-11
      1.1938052      1.1043737     -2.7893295     0.36812455 -2.3385738E-11
      1.2063716      1.0692356     -2.8029868     0.35641188 -2.3632651E-11
      1.2189379      1.0339288     -2.8162016     0.34464292 -2.3877789E-11
      1.2315043     0.99845863     -2.8289716     0.33281954 -2.4123814E-11
      1.2440707     0.96283083     -2.8412949     0.32094361 -2.4370728E-11
      1.2566371     0.92705098     -2.8531695     0.30901699 -2.4616753E-11
      1.2692034     0.89112475     -2.8645936     0.29704158 -2.4862779E-11
      1.2817698     0.85505779     -2.8755654     0.28501926 -2.5108804E-11
      1.2943362     0.81885581     -2.8860830     0.27295194 -2.5354829E-11
      1.3069025     0.78252452     -2.8961449     0.26084151 -2.5600855E-11
      1.3194689     0.74606966     -2.9057495     0.24868989 -2.5847768E-11
      1.3320353     0.70949699     -2.9148952     0.23649900 -2.6093794E-11
      1.3446017     0.67281228     -2.9235806     0.22427076 -2.6339819E-11
      1.3571680     0.63602133     -2.9318044     0.21200711 -2.6585845E-11
      1.3697344     0.59912994     -2.9395652     0.19970998 -2.6831870E-11
      1.3823008     0.56214394     -2.9468618     0.18738131 -2.7078784E-11
      1.3948671     0.52506918     -2.9536930     0.17502306 -2.7323921E-11
      1.4074335     0.48791150     -2.9600578     0.16263717 -2.7569058E-11
      1.4199999     0.45067677     -2.9659552     0.15022559 -2.7815972E-11
      1.4325663     0.41337087     -2.9713843     0.13779029 -2.8061997E-11
      1.4451326     0.37599970     -2.9763441     0.12533323 -2.8308023E-11
      1.4576990     0.33856916     -2.9808339     0.11285638 -2.8554936E-11
      1.4702654     0.30108515     -2.9848531     0.10036171 -2.8800962E-11
      1.4828317     0.26355359     -2.9884008    0.087851197 -2.9046099E-11
      1.4953981     0.22598042     -2.9914767    0.075326806 -2.9292124E-11
      1.5079645     0.18837156     -2.9940802    0.062790520 -2.9539038E-11
      1.5205308     0.15073296     -2.9962109    0.050244318 -2.9785063E-11
      1.5330972     0.11307055     -2.9978684    0.037690183 -3.0031089E-11
      1.5456636    0.075390287     -2.9990526    0.025130095 -3.0276226E-11
      1.5582300    0.037698121     -2.9997631    0.012566040 -3.0523140E-11
      1.5707963  9.7920679E-10     -3.0000000 -4.6017044E-15 -3.0770053E-11
      1.5833627   -0.037698119     -2.9997631   -0.012566040 -3.1016079E-11
      1.5959291   -0.075390285     -2.9990526   -0.025130095 -3.1262104E-11
      1.6084954    -0.11307055     -2.9978684   -0.037690183 -3.1508129E-11
      1.6210618    -0.15073295     -2.9962109   -0.050244318 -3.1755931E-11
      1.6336282    -0.18837156     -2.9940802   -0.062790520 -3.2000180E-11
      1.6461946    -0.22598042     -2.9914767   -0.075326806 -3.2246206E-11
      1.6587609    -0.26355359     -2.9884008   -0.087851197 -3.2491343E-11
      1.6713273    -0.30108514     -2.9848531    -0.10036171 -3.2737368E-11
      1.6838937    -0.33856915     -2.9808339    -0.11285638 -3.2983394E-11
      1.6964600    -0.37599970     -2.9763441    -0.12533323 -3.3229419E-11
      1.7090264    -0.41337087     -2.9713843    -0.13779029 -3.3475445E-11
      1.7215928    -0.45067677     -2.9659552    -0.15022559 -3.3720582E-11
      1.7341591    -0.48791149     -2.9600578    -0.16263717 -3.3967495E-11
      1.7467255    -0.52506918     -2.9536930    -0.17502306 -3.4214409E-11
      1.7592919    -0.56214394     -2.9468618    -0.18738131 -3.4461323E-11
      1.7718583    -0.59912994     -2.9395652    -0.19970998 -3.4707348E-11
      1.7844246    -0.63602133     -2.9318044    -0.21200711 -3.4953374E-11
      1.7969910    -0.67281228     -2.9235806    -0.22427076 -3.5200287E-11
      1.8095574    -0.70949699     -2.9148952    -0.23649900 -3.5447201E-11
      1.8221237    -0.74606966     -2.9057495    -0.24868989 -3.5692338E-11
      1.8346901    -0.78252452     -2.8961449    -0.26084151 -3.5938363E-11
      1.8472565    -0.81885581     -2.8860830    -0.27295194 -3.6184389E-11
      1.8598229    -0.85505779     -2.8755654    -0.28501926 -3.6430414E-11
      1.8723892    -0.89112474     -2.8645936    -0.29704158 -3.6677328E-11
      1.8849556    -0.92705098     -2.8531695    -0.30901699 -3.6923353E-11
      1.8975220    -0.96283083     -2.8412949    -0.32094361 -3.7169379E-11
      1.9100883    -0.99845863     -2.8289716    -0.33281954 -3.7416292E-11
      1.9226547     -1.0339288     -2.8162016    -0.34464292 -3.7662318E-11
      1.9352211     -1.0692356     -2.8029868    -0.35641188 -3.7909231E-11
      1.9477874     -1.1043737     -2.7893295    -0.36812455 -3.8155257E-11
      1.9603538     -1.1393373     -2.7752316    -0.37977910 -3.8401282E-11
      1.9729202     -1.1741210     -2.7606955    -0.39137367 -3.8647308E-11
      1.9854866     -1.2087193     -2.7457235    -0.40290644 -3.8893333E-11
      1.9980529     -1.2431267     -2.7303179    -0.41437558 -3.9139358E-11
      2.0106193     -1.2773379     -2.7144812    -0.42577929 -3.9386272E-11
      2.0231857     -1.3113473     -2.6982158    -0.43711577 -3.9631409E-11
      2.0357520     -1.3451496     -2.6815243    -0.44838322 -3.9878323E-11
      2.0483184     -1.3787396     -2.6644093    -0.45957986 -4.0124348E-11
      2.0608848     -1.4121118     -2.6468737    -0.47070393 -4.0371262E-11
      2.0734512     -1.4452610     -2.6289200    -0.48175367 -4.0617287E-11
      2.0860175     -1.4781820     -2.6105513    -0.49272734 -4.0863313E-11
      2.0985839     -1.5108696     -2.5917703    -0.50362320 -4.1109338E-11
      2.1111503     -1.5433186     -2.5725800    -0.51443953 -4.1356252E-11
      2.1237166     -1.5755239     -2.5529834    -0.52517463 -4.1602277E-11
      2.1362830     -1.6074804     -2.5329838    -0.53582679 -4.1849191E-11
      2.1488494     -1.6391830     -2.5125841    -0.54639435 -4.2095216E-11
      2.1614157     -1.6706268     -2.4917877    -0.55687562 -4.2341242E-11
      2.1739821     -1.7018068     -2.4705978    -0.56726895 -4.2587267E-11
      2.1865485     -1.7327181     -2.4490178    -0.57757270 -4.2833292E-11
      2.1991149     -1.7633558     -2.4270510    -0.58778525 -4.3078430E-11
      2.2116812     -1.7937149     -2.4047010    -0.59790498 -4.3324455E-11
      2.2242476     -1.8237909     -2.3819712    -0.60793030 -4.3570481E-11
      2.2368140     -1.8535788     -2.3588653    -0.61785961 -4.3816506E-11
      2.2493803     -1.8830741     -2.3353869    -0.62769136 -4.4062531E-11
      2.2619467     -1.9122720     -2.3115397    -0.63742399 -4.4308557E-11
      2.2745131     -1.9411679     -2.2873275    -0.64705596 -4.4555470E-11
      2.2870795     -1.9697573     -2.2627541    -0.65658576 -4.4801496E-11
      2.2996458     -1.9980356     -2.2378234    -0.66601187 -4.5047521E-11
      2.3122122     -2.0259984     -2.2125394    -0.67533281 -4.5293547E-11
      2.3247786     -2.0536413     -2.1869059    -0.68454711 -4.5538684E-11
      2.3373449     -2.0809599     -2.1609271    -0.69365331 -4.5785598E-11
      2.3499113     -2.1079499     -2.1346070    -0.70264997 -4.6030735E-11
      2.3624777     -2.1346070     -2.1079499    -0.71153568 -4.6276760E-11
      2.3750440     -2.1609271     -2.0809599    -0.72030902 -4.6522786E-11
      2.3876104     -2.1869059     -2.0536413    -0.72896863 -4.6769699E-11
      2.4001768     -2.2125394     -2.0259984    -0.73751312 -4.7014836E-11
      2.4127432     -2.2378234     -1.9980356    -0.74594115 -4.7261750E-11
      2.4253095     -2.2627541     -1.9697573    -0.75425138 -4.7506887E-11
      2.4378759     -2.2873275     -1.9411679    -0.76244251 -4.7753801E-11
      2.4504423     -2.3115397     -1.9122720    -0.77051324 -4.7998938E-11
      2.4630086     -2.3353869     -1.8830741    -0.77846230 -4.8245852E-11
      2.4755750     -2.3588653     -1.8535788    -0.78628843 -4.8491877E-11
      2.4881414     -2.3819712     -1.8237909    -0.79399040 -4.8737903E-11
      2.5007078     -2.4047010     -1.7937150    -0.80156698 -4.8983040E-11
      2.5132741     -2.4270510     -1.7633558    -0.80901699 -4.9229953E-11
      2.5258405     -2.4490178     -1.7327181    -0.81633925 -4.9475979E-11
      2.5384069     -2.4705978     -1.7018068    -0.82353260 -4.9722004E-11
      2.5509732     -2.4917877     -1.6706269    -0.83059590 -4.9968918E-11
      2.5635396     -2.5125841     -1.6391830    -0.83752804 -5.0214943E-11
      2.5761060     -2.5329838     -1.6074804    -0.84432793 -5.0460969E-11
      2.5886723     -2.5529834     -1.5755239    -0.85099448 -5.0706106E-11
      2.6012387     -2.5725800     -1.5433186    -0.85752666 -5.0953020E-11
      2.6138051     -2.5917703     -1.5108696    -0.86392342 -5.1198157E-11
      2.6263715     -2.6105513     -1.4781820    -0.87018375 -5.1445070E-11
      2.6389378     -2.6289200     -1.4452610    -0.87630668 -5.1690208E-11
      2.6515042     -2.6468737     -1.4121118    -0.88229123 -5.1937121E-11
      2.6640706     -2.6644093     -1.3787396    -0.88813645 -5.2183147E-11
      2.6766369     -2.6815243     -1.3451496    -0.89384142 -5.2429172E-11
      2.6892033     -2.6982158     -1.3113473    -0.89940525 -5.2676086E-11
      2.7017697     -2.7144812     -1.2773379    -0.90482705 -5.2922111E-11
      2.7143361     -2.7303179     -1.2431267    -0.91010597 -5.3169025E-11
      2.7269024     -2.7457235     -1.2087193    -0.91524117 -5.3414162E-11
      2.7394688     -2.7606955     -1.1741210    -0.92023185 -5.3660187E-11
      2.7520352     -2.7752316     -1.1393373    -0.92507721 -5.3906213E-11
      2.7646015     -2.7893295     -1.1043737    -0.92977649 -5.4152238E-11
      2.7771679     -2.8029868     -1.0692356    -0.93432894 -5.4399152E-11
      2.7897343     -2.8162016     -1.0339288    -0.93873386 -5.4645177E-11
      2.8023006     -2.8289716    -0.99845864    -0.94299054 -5.4891203E-11
      2.8148670     -2.8412949    -0.96283083    -0.94709830 -5.5138116E-11
      2.8274334     -2.8531695    -0.92705098    -0.95105652 -5.5384142E-11
      2.8399998     -2.8645936    -0.89112475    -0.95486454 -5.5631055E-11
      2.8525661     -2.8755654    -0.85505779    -0.95852179 -5.5877081E-11
      2.8651325     -2.8860830    -0.81885581    -0.96202767 -5.6122218E-11
      2.8776989     -2.8961449    -0.78252452    -0.96538164 -5.6369132E-11
      2.8902652     -2.9057495    -0.74606966    -0.96858316 -5.6615157E-11
      2.9028316     -2.9148952    -0.70949699    -0.97163173 -5.6862071E-11
      2.9153980     -2.9235806    -0.67281228    -0.97452687 -5.7108096E-11
      2.9279644     -2.9318044    -0.63602133    -0.97726812 -5.7354121E-11
      2.9405307     -2.9395652    -0.59912994    -0.97985505 -5.7600147E-11
      2.9530971     -2.9468618    -0.56214395    -0.98228725 -5.7846172E-11
      2.9656635     -2.9536930    -0.52506918    -0.98456433 -5.8092198E-11
      2.9782298     -2.9600578    -0.48791150    -0.98668594 -5.8339111E-11
      2.9907962     -2.9659552    -0.45067677    -0.98865174 -5.8585137E-11
      3.0033626     -2.9713843    -0.41337087    -0.99046143 -5.8831162E-11
      3.0159289     -2.9763441    -0.37599970    -0.99211470 -5.9077188E-11
      3.0284953     -2.9808339    -0.33856916    -0.99361131 -5.9322325E-11
      3.0410617     -2.9848531    -0.30108515    -0.99495102 -5.9568350E-11
      3.0536281     -2.9884008    -0.26355359    -0.99613361 -5.9814376E-11
      3.0661944     -2.9914767    -0.22598042    -0.99715890 -6.0060401E-11
      3.0787608     -2.9940802    -0.18837156    -0.99802673 -6.0307315E-11
      3.0913272     -2.9962109    -0.15073296    -0.99873696 -6.0552452E-11
      3.1038935     -2.9978684    -0.11307055    -0.99928947 -6.0799366E-11
      3.1164599     -2.9990526   -0.075390288    -0.99968419 -6.1046279E-11
      3.1290263     -2.9997631   -0.037698122    -0.99992104 -6.1291416E-11
      3.1415927     -3.0000000 -1.9584135E-09     -1.0000000 -6.1538330E-11
      3.1541590     -2.9997631    0.037698118    -0.99992104 -6.1784355E-11
      3.1667254     -2.9990526    0.075390284    -0.99968419 -6.2030381E-11
      3.1792918     -2.9978684     0.11307055    -0.99928947 -6.2276406E-11
      3.1918581     -2.9962109     0.15073295    -0.99873696 -6.2521543E-11
      3.2044245     -2.9940802     0.18837156    -0.99802673 -6.2768457E-11
      3.2169909     -2.9914767     0.22598041    -0.99715890 -6.3013594E-11
      3.2295572     -2.9884008     0.26355359    -0.99613361 -6.3260508E-11
      3.2421236     -2.9848531     0.30108514    -0.99495102 -6.3507422E-11
      3.2546900     -2.9808339     0.33856915    -0.99361131 -6.3753447E-11
      3.2672564     -2.9763441     0.37599970    -0.99211470 -6.4000361E-11
      3.2798227     -2.9713843     0.41337087    -0.99046143 -6.4244610E-11
      3.2923891     -2.9659552     0.45067677    -0.98865174 -6.4491523E-11
      3.3049555     -2.9600578     0.48791149    -0.98668594 -6.4737549E-11
      3.3175218     -2.9536930     0.52506917    -0.98456433 -6.4983574E-11
      3.3300882     -2.9468618     0.56214394    -0.98228725 -6.5228711E-11
      3.3426546     -2.9395652     0.59912994    -0.97985505 -6.5474737E-11
      3.3552210     -2.9318044     0.63602133    -0.97726812 -6.5721650E-11
      3.3677873     -2.9235806     0.67281228    -0.97452687 -6.5966788E-11
      3.3803537     -2.9148952     0.70949699    -0.97163173 -6.6212813E-11
      3.3929201     -2.9057495     0.74606966    -0.96858316 -6.6458838E-11
      3.4054864     -2.8961449     0.78252452    -0.96538164 -6.6704864E-11
      3.4180528     -2.8860830     0.81885580    -0.96202767 -6.6950001E-11
      3.4306192     -2.8755654     0.85505779    -0.95852179 -6.7196027E-11
      3.4431855     -2.8645936     0.89112474    -0.95486454 -6.7441164E-11
      3.4557519     -2.8531695     0.92705098    -0.95105652 -6.7688077E-11
      3.4683183     -2.8412949     0.96283083    -0.94709830 -6.7933215E-11
      3.4808847     -2.8289716     0.99845863    -0.94299054 -6.8180128E-11
      3.4934510     -2.8162016      1.0339288    -0.93873386 -6.8426154E-11
      3.5060174     -2.8029868      1.0692356    -0.93432894 -6.8672179E-11
      3.5185838     -2.7893295      1.1043737    -0.92977649 -6.8917316E-11
      3.5311501     -2.7752316      1.1393373    -0.92507721 -6.9164230E-11
      3.5437165     -2.7606955      1.1741210    -0.92023185 -6.9410255E-11
      3.5562829     -2.7457235      1.2087193    -0.91524117 -6.9656281E-11
      3.5688493     -2.7303179      1.2431267    -0.91010597 -6.9901418E-11
      3.5814156     -2.7144812      1.2773379    -0.90482705 -7.0148332E-11
      3.5939820     -2.6982158      1.3113473    -0.89940525 -7.0395245E-11
      3.6065484     -2.6815243      1.3451496    -0.89384142 -7.0642159E-11
      3.6191147     -2.6644093      1.3787396    -0.88813645 -7.0888184E-11
      3.6316811     -2.6468737      1.4121118    -0.88229123 -7.1134210E-11
      3.6442475     -2.6289200      1.4452610    -0.87630668 -7.1379347E-11
      3.6568138     -2.6105513      1.4781820    -0.87018375 -7.1625372E-11
      3.6693802     -2.5917703      1.5108696    -0.86392342 -7.1871398E-11
      3.6819466     -2.5725800      1.5433186    -0.85752666 -7.2118311E-11
      3.6945130     -2.5529834      1.5755239    -0.85099448 -7.2363449E-11
      3.7070793     -2.5329838      1.6074804    -0.84432793 -7.2609474E-11
      3.7196457     -2.5125841      1.6391830    -0.83752804 -7.2855499E-11
      3.7322121     -2.4917877      1.6706268    -0.83059590 -7.3101525E-11
      3.7447784     -2.4705978      1.7018068    -0.82353260 -7.3347550E-11
      3.7573448     -2.4490178      1.7327181    -0.81633925 -7.3592687E-11
      3.7699112     -2.4270510      1.7633558    -0.80901699 -7.3839601E-11
      3.7824776     -2.4047010      1.7937149    -0.80156698 -7.4084738E-11
      3.7950439     -2.3819712      1.8237909    -0.79399040 -7.4331652E-11
      3.8076103     -2.3588653      1.8535788    -0.78628843 -7.4576789E-11
      3.8201767     -2.3353869      1.8830741    -0.77846230 -7.4822815E-11
      3.8327430     -2.3115397      1.9122720    -0.77051324 -7.5068840E-11
      3.8453094     -2.2873275      1.9411679    -0.76244251 -7.5313977E-11
      3.8578758     -2.2627541      1.9697573    -0.75425138 -7.5560003E-11
      3.8704421     -2.2378234      1.9980356    -0.74594115 -7.5806028E-11
      3.8830085     -2.2125394      2.0259984    -0.73751312 -7.6052942E-11
      3.8955749     -2.1869059      2.0536413    -0.72896863 -7.6298079E-11
      3.9081413     -2.1609271      2.0809599    -0.72030902 -7.6544104E-11
      3.9207076     -2.1346070      2.1079499    -0.71153568 -7.6790130E-11
      3.9332740     -2.1079499      2.1346070    -0.70264997 -7.7036155E-11
      3.9458404     -2.0809599      2.1609271    -0.69365331 -7.7282181E-11
      3.9584067     -2.0536413      2.1869059    -0.68454711 -7.7529094E-11
      3.9709731     -2.0259984      2.2125394    -0.67533281 -7.7776008E-11
      3.9835395     -1.9980356      2.2378234    -0.66601187 -7.8021145E-11
      3.9961059     -1.9697573      2.2627541    -0.65658576 -7.8267171E-11
      4.0086722     -1.9411679      2.2873275    -0.64705596 -7.8513196E-11
      4.0212386     -1.9122720      2.3115397    -0.63742399 -7.8758333E-11
      4.0338050     -1.8830741      2.3353869    -0.62769136 -7.9004359E-11
      4.0463713     -1.8535788      2.3588653    -0.61785961 -7.9251272E-11
      4.0589377     -1.8237909      2.3819712    -0.60793030 -7.9497298E-11
      4.0715041     -1.7937150      2.4047010    -0.59790498 -7.9743323E-11
      4.0840704     -1.7633558      2.4270510    -0.58778525 -7.9989348E-11
      4.0966368     -1.7327181      2.4490178    -0.57757270 -8.0234486E-11
      4.1092032     -1.7018068      2.4705978    -0.56726895 -8.0481399E-11
      4.1217696     -1.6706269      2.4917877    -0.55687562 -8.0726537E-11
      4.1343359     -1.6391830      2.5125841    -0.54639435 -8.0973450E-11
      4.1469023     -1.6074804      2.5329838    -0.53582679 -8.1220364E-11
      4.1594687     -1.5755239      2.5529834    -0.52517463 -8.1465501E-11
      4.1720350     -1.5433186      2.5725800    -0.51443953 -8.1711526E-11
      4.1846014     -1.5108696      2.5917703    -0.50362320 -8.1957552E-11
      4.1971678     -1.4781820      2.6105513    -0.49272734 -8.2202689E-11
      4.2097342     -1.4452610      2.6289200    -0.48175367 -8.2449603E-11
      4.2223005     -1.4121118      2.6468737    -0.47070393 -8.2694740E-11
      4.2348669     -1.3787396      2.6644093    -0.45957986 -8.2941654E-11
      4.2474333     -1.3451497      2.6815243    -0.44838322 -8.3186791E-11
      4.2599996     -1.3113473      2.6982158    -0.43711577 -8.3432816E-11
      4.2725660     -1.2773379      2.7144812    -0.42577929 -8.3678842E-11
      4.2851324     -1.2431267      2.7303179    -0.41437558 -8.3923979E-11
      4.2976988     -1.2087193      2.7457235    -0.40290644 -8.4170004E-11
      4.3102651     -1.1741210      2.7606955    -0.39137367 -8.4416030E-11
      4.3228315     -1.1393373      2.7752316    -0.37977910 -8.4662055E-11
      4.3353979     -1.1043737      2.7893295    -0.36812455 -8.4908081E-11
      4.3479642     -1.0692356      2.8029868    -0.35641188 -8.5153218E-11
      4.3605306     -1.0339288      2.8162016    -0.34464292 -8.5399243E-11
      4.3730970    -0.99845864      2.8289716    -0.33281954 -8.5645269E-11
      4.3856633    -0.96283083      2.8412949    -0.32094361 -8.5891294E-11
      4.3982297    -0.92705099      2.8531695    -0.30901699 -8.6137319E-11
      4.4107961    -0.89112475      2.8645936    -0.29704158 -8.6384233E-11
      4.4233625    -0.85505779      2.8755654    -0.28501926 -8.6630259E-11
      4.4359288    -0.81885581      2.8860830    -0.27295194 -8.6875396E-11
      4.4484952    -0.78252452      2.8961449    -0.26084151 -8.7121421E-11
      4.4610616    -0.74606966      2.9057495    -0.24868989 -8.7368335E-11
      4.4736279    -0.70949699      2.9148952    -0.23649900 -8.7614360E-11
      4.4861943    -0.67281229      2.9235806    -0.22427076 -8.7860386E-11
      4.4987607    -0.63602133      2.9318044    -0.21200711 -8.8106411E-11
      4.5113271    -0.59912994      2.9395652    -0.19970998 -8.8352436E-11
      4.5238934    -0.56214395      2.9468618    -0.18738131 -8.8598462E-11
      4.5364598    -0.52506918      2.9536930    -0.17502306 -8.8844487E-11
      4.5490262    -0.48791150      2.9600578    -0.16263717 -8.9090513E-11
      4.5615925    -0.45067677      2.9659552    -0.15022559 -8.9336538E-11
      4.5741589    -0.41337087      2.9713843    -0.13779029 -8.9583452E-11
      4.5867253    -0.37599970      2.9763441    -0.12533323 -8.9828589E-11
      4.5992916    -0.33856916      2.9808339    -0.11285638 -9.0074614E-11
      4.6118580    -0.30108515      2.9848531    -0.10036171 -9.0320640E-11
      4.6244244    -0.26355359      2.9884008   -0.087851197 -9.0566665E-11
      4.6369908    -0.22598042      2.9914767   -0.075326806 -9.0813579E-11
      4.6495571    -0.18837156      2.9940802   -0.062790520 -9.1059604E-11
      4.6621235    -0.15073296      2.9962109   -0.050244318 -9.1305630E-11
      4.6746899    -0.11307055      2.9978684   -0.037690183 -9.1551655E-11
      4.6872562   -0.075390289      2.9990526   -0.025130095 -9.1798569E-11
      4.6998226   -0.037698123      2.9997631   -0.012566040 -9.2044594E-11
      4.7123890 -2.9376220E-09      3.0000000  3.0902548E-14 -9.2291508E-11
      4.7249554    0.037698117      2.9997631    0.012566040 -9.2537533E-11
      4.7375217    0.075390283      2.9990526    0.025130095 -9.2784447E-11
      4.7500881     0.11307055      2.9978684    0.037690183 -9.3029584E-11
      4.7626545     0.15073295      2.9962109    0.050244318 -9.3276498E-11
      4.7752208     0.18837156      2.9940802    0.062790520 -9.3521635E-11
      4.7877872     0.22598041      2.9914767    0.075326806 -9.3767660E-11
      4.8003536     0.26355359      2.9884008    0.087851197 -9.4013686E-11
      4.8129199     0.30108514      2.9848531     0.10036171 -9.4259711E-11
      4.8254863     0.33856915      2.9808339     0.11285638 -9.4505737E-11
      4.8380527     0.37599970      2.9763441     0.12533323 -9.4751762E-11
      4.8506191     0.41337087      2.9713843     0.13779029 -9.4997787E-11
      4.8631854     0.45067676      2.9659552     0.15022559 -9.5245589E-11
      4.8757518     0.48791149      2.9600578     0.16263717 -9.5490726E-11
      4.8883182     0.52506917      2.9536930     0.17502306 -9.5737640E-11
      4.9008845     0.56214394      2.9468618     0.18738131 -9.5983665E-11
      4.9134509     0.59912994      2.9395652     0.19970998 -9.6228803E-11
      4.9260173     0.63602133      2.9318044     0.21200711 -9.6475716E-11
      4.9385837     0.67281228      2.9235806     0.22427076 -9.6721742E-11
      4.9511500     0.70949699      2.9148952     0.23649900 -9.6967767E-11
      4.9637164     0.74606966      2.9057495     0.24868989 -9.7213793E-11
      4.9762828     0.78252452      2.8961449     0.26084151 -9.7459818E-11
      4.9888491     0.81885580      2.8860830     0.27295194 -9.7705843E-11
      5.0014155     0.85505778      2.8755654     0.28501926 -9.7951869E-11
      5.0139819     0.89112474      2.8645936     0.29704158 -9.8198782E-11
      5.0265482     0.92705098      2.8531695     0.30901699 -9.8443920E-11
      5.0391146     0.96283083      2.8412949     0.32094361 -9.8689945E-11
      5.0516810     0.99845863      2.8289716     0.33281954 -9.8935971E-11
      5.0642474      1.0339288      2.8162016     0.34464292 -9.9182884E-11
      5.0768137      1.0692356      2.8029868     0.35641188 -9.9429798E-11
      5.0893801      1.1043737      2.7893295     0.36812455 -9.9675823E-11
      5.1019465      1.1393373      2.7752316     0.37977910 -9.9921849E-11
      5.1145128      1.1741210      2.7606955     0.39137367 -1.0016787E-10
      5.1270792      1.2087193      2.7457235     0.40290644 -1.0041390E-10
      5.1396456      1.2431267      2.7303179     0.41437558 -1.0066081E-10
      5.1522120      1.2773379      2.7144812     0.42577929 -1.0090684E-10
      5.1647783      1.3113473      2.6982158     0.43711577 -1.0115286E-10
      5.1773447      1.3451496      2.6815243     0.44838322 -1.0139978E-10
      5.1899111      1.3787396      2.6644093     0.45957986 -1.0164580E-10
      5.2024774      1.4121118      2.6468737     0.47070393 -1.0189183E-10
      5.2150438      1.4452610      2.6289200     0.48175367 -1.0213874E-10
      5.2276102      1.4781820      2.6105513     0.49272734 -1.0238477E-10
      5.2401765      1.5108696      2.5917703     0.50362320 -1.0263079E-10
      5.2527429      1.5433186      2.5725800     0.51443953 -1.0287682E-10
      5.2653093      1.5755239      2.5529834     0.52517463 -1.0312373E-10
      5.2778757      1.6074804      2.5329838     0.53582679 -1.0336976E-10
      5.2904420      1.6391830      2.5125841     0.54639435 -1.0361489E-10
      5.3030084      1.6706268      2.4917877     0.55687562 -1.0386092E-10
      5.3155748      1.7018068      2.4705978     0.56726895 -1.0410695E-10
      5.3281411      1.7327181      2.4490178     0.57757270 -1.0435297E-10
      5.3407075      1.7633558      2.4270510     0.58778525 -1.0459900E-10
      5.3532739      1.7937149      2.4047010     0.59790498 -1.0484502E-10
      5.3658403      1.8237909      2.3819712     0.60793030 -1.0509105E-10
      5.3784066      1.8535788      2.3588653     0.61785961 -1.0533796E-10
      5.3909730      1.8830741      2.3353869     0.62769136 -1.0558399E-10
      5.4035394      1.9122720      2.3115397     0.63742399 -1.0582912E-10
      5.4161057      1.9411679      2.2873275     0.64705596 -1.0607515E-10
      5.4286721      1.9697573      2.2627541     0.65658576 -1.0632117E-10
      5.4412385      1.9980356      2.2378234     0.66601187 -1.0656720E-10
      5.4538048      2.0259984      2.2125394     0.67533281 -1.0681411E-10
      5.4663712      2.0536413      2.1869059     0.68454711 -1.0706014E-10
      5.4789376      2.0809599      2.1609271     0.69365331 -1.0730705E-10
      5.4915040      2.1079499      2.1346070     0.70264997 -1.0755308E-10
      5.5040703      2.1346070      2.1079499     0.71153568 -1.0779999E-10
      5.5166367      2.1609271      2.0809599     0.72030902 -1.0804690E-10
      5.5292031      2.1869059      2.0536413     0.72896863 -1.0829204E-10
      5.5417694      2.2125393      2.0259984     0.73751312 -1.0853896E-10
      5.5543358      2.2378234      1.9980356     0.74594115 -1.0878409E-10
      5.5669022      2.2627541      1.9697573     0.75425138 -1.0903101E-10
      5.5794686      2.2873275      1.9411679     0.76244251 -1.0927614E-10
      5.5920349      2.3115397      1.9122720     0.77051324 -1.0952217E-10
      5.6046013      2.3353869      1.8830741     0.77846230 -1.0976731E-10
      5.6171677      2.3588653      1.8535788     0.78628843 -1.1001333E-10
      5.6297340      2.3819712      1.8237909     0.79399040 -1.1025936E-10
      5.6423004      2.4047010      1.7937150     0.80156698 -1.1050627E-10
      5.6548668      2.4270510      1.7633558     0.80901699 -1.1075230E-10
      5.6674331      2.4490178      1.7327181     0.81633925 -1.1099743E-10
      5.6799995      2.4705978      1.7018069     0.82353260 -1.1124435E-10
      5.6925659      2.4917877      1.6706269     0.83059590 -1.1149037E-10
      5.7051323      2.5125841      1.6391830     0.83752804 -1.1173640E-10
      5.7176986      2.5329838      1.6074804     0.84432793 -1.1198331E-10
      5.7302650      2.5529834      1.5755239     0.85099448 -1.1223023E-10
      5.7428314      2.5725800      1.5433186     0.85752666 -1.1247625E-10
      5.7553977      2.5917702      1.5108696     0.86392342 -1.1272228E-10
      5.7679641      2.6105513      1.4781820     0.87018375 -1.1296830E-10
      5.7805305      2.6289200      1.4452610     0.87630668 -1.1321433E-10
      5.7930969      2.6468737      1.4121118     0.88229123 -1.1346035E-10
      5.8056632      2.6644093      1.3787396     0.88813645 -1.1370638E-10
      5.8182296      2.6815243      1.3451497     0.89384142 -1.1395240E-10
      5.8307960      2.6982158      1.3113473     0.89940525 -1.1419843E-10
      5.8433623      2.7144812      1.2773379     0.90482705 -1.1444534E-10
      5.8559287      2.7303179      1.2431267     0.91010597 -1.1469048E-10
      5.8684951      2.7457235      1.2087193     0.91524117 -1.1493650E-10
      5.8810614      2.7606955      1.1741210     0.92023185 -1.1518342E-10
      5.8936278      2.7752316      1.1393373     0.92507721 -1.1542944E-10
      5.9061942      2.7893295      1.1043737     0.92977649 -1.1567547E-10
      5.9187606      2.8029868      1.0692356     0.93432894 -1.1592061E-10
      5.9313269      2.8162016      1.0339288     0.93873386 -1.1616752E-10
      5.9438933      2.8289716     0.99845864     0.94299054 -1.1641355E-10
      5.9564597      2.8412949     0.96283083     0.94709830 -1.1665957E-10
      5.9690260      2.8531695     0.92705099     0.95105652 -1.1690560E-10
      5.9815924      2.8645936     0.89112475     0.95486454 -1.1715251E-10
      5.9941588      2.8755654     0.85505779     0.95852179 -1.1739854E-10
      6.0067252      2.8860830     0.81885581     0.96202767 -1.1764456E-10
      6.0192915      2.8961449     0.78252452     0.96538164 -1.1789059E-10
      6.0318579      2.9057495     0.74606967     0.96858316 -1.1813572E-10
      6.0444243      2.9148952     0.70949699     0.97163173 -1.1838175E-10
      6.0569906      2.9235806     0.67281229     0.97452687 -1.1862866E-10
      6.0695570      2.9318044     0.63602133     0.97726812 -1.1887558E-10
      6.0821234      2.9395652     0.59912995     0.97985505 -1.1912249E-10
      6.0946897      2.9468618     0.56214395     0.98228725 -1.1936852E-10
      6.1072561      2.9536930     0.52506918     0.98456433 -1.1961365E-10
      6.1198225      2.9600578     0.48791150     0.98668594 -1.1986145E-10
      6.1323889      2.9659552     0.45067677     0.98865174 -1.2010659E-10
      6.1449552      2.9713843     0.41337088     0.99046143 -1.2035262E-10
      6.1575216      2.9763441     0.37599970     0.99211470 -1.2059864E-10
      6.1700880      2.9808339     0.33856916     0.99361131 -1.2084467E-10
      6.1826543      2.9848531     0.30108515     0.99495102 -1.2108980E-10
      6.1952207      2.9884008     0.26355359     0.99613361 -1.2133583E-10
      6.2077871      2.9914767     0.22598042     0.99715890 -1.2158274E-10
      6.2203535      2.9940802     0.18837156     0.99802673 -1.2182788E-10
      6.2329198      2.9962109     0.15073296     0.99873696 -1.2207479E-10
      6.2454862      2.9978684     0.11307055     0.99928947 -1.2231993E-10
      6.2580526      2.9990526    0.075390290     0.99968419 -1.2256596E-10
      6.2706189      2.9997631    0.037698124     0.99992104 -1.2281198E-10
      6.2831853      3.0000000  3.9168284E-09      1.0000000 -1.2305890E-10
      6.2957517      2.9997631   -0.037698116     0.99992104 -1.2330492E-10
      6.3083180      2.9990526   -0.075390282     0.99968419 -1.2355095E-10
      6.3208844      2.9978684    -0.11307054     0.99928947 -1.2379786E-10
      6.3334508      2.9962109    -0.15073295     0.99873696 -1.2404389E-10
      6.3460172      2.9940802    -0.18837155     0.99802673 -1.2428902E-10
      6.3585835      2.9914767    -0.22598041     0.99715890 -1.2453594E-10
      6.3711499      2.9884008    -0.26355359     0.99613361 -1.2478196E-10
      6.3837163      2.9848531    -0.30108514     0.99495102 -1.2502710E-10
      6.3962826      2.9808339    -0.33856915     0.99361131 -1.2527401E-10
      6.4088490      2.9763441    -0.37599970     0.99211470 -1.2551915E-10
      6.4214154      2.9713843    -0.41337087     0.99046143 -1.2576518E-10
      6.4339818      2.9659552    -0.45067676     0.98865174 -1.2601120E-10
      6.4465481      2.9600578    -0.48791149     0.98668594 -1.2625812E-10
      6.4591145      2.9536930    -0.52506917     0.98456433 -1.2650414E-10
      6.4716809      2.9468618    -0.56214394     0.98228725 -1.2675017E-10
      6.4842472      2.9395652    -0.59912994     0.97985505 -1.2699619E-10
      6.4968136      2.9318044    -0.63602133     0.97726812 -1.2724222E-10
      6.5093800      2.9235806    -0.67281228     0.97452687 -1.2748913E-10
      6.5219463      2.9148952    -0.70949699     0.97163173 -1.2773516E-10
      6.5345127      2.9057495    -0.74606966     0.96858316 -1.2798118E-10
      6.5470791      2.8961449    -0.78252451     0.96538164 -1.2822721E-10
      6.5596455      2.8860830    -0.81885580     0.96202767 -1.2847323E-10
      6.5722118      2.8755654    -0.85505778     0.95852179 -1.2871926E-10
      6.5847782      2.8645936    -0.89112474     0.95486454 -1.2896439E-10
      6.5973446      2.8531696    -0.92705098     0.95105652 -1.2921131E-10
      6.6099109      2.8412949    -0.96283083     0.94709830 -1.2945733E-10
      6.6224773      2.8289716    -0.99845863     0.94299054 -1.2970336E-10
      6.6350437      2.8162016     -1.0339288     0.93873386 -1.2995027E-10
      6.6476101      2.8029868     -1.0692356     0.93432894 -1.3019630E-10
      6.6601764      2.7893295     -1.1043737     0.92977649 -1.3044321E-10
      6.6727428      2.7752316     -1.1393373     0.92507721 -1.3068924E-10
      6.6853092      2.7606955     -1.1741210     0.92023185 -1.3093526E-10
      6.6978755      2.7457235     -1.2087193     0.91524117 -1.3118129E-10
      6.7104419      2.7303179     -1.2431267     0.91010597 -1.3142731E-10
      6.7230083      2.7144812     -1.2773379     0.90482705 -1.3167334E-10
      6.7355746      2.6982158     -1.3113473     0.89940525 -1.3191936E-10
      6.7481410      2.6815243     -1.3451496     0.89384142 -1.3216628E-10
      6.7607074      2.6644093     -1.3787396     0.88813645 -1.3241142E-10
      6.7732738      2.6468737     -1.4121118     0.88229123 -1.3265833E-10
      6.7858401      2.6289200     -1.4452610     0.87630668 -1.3290435E-10
      6.7984065      2.6105513     -1.4781820     0.87018375 -1.3315038E-10
      6.8109729      2.5917703     -1.5108696     0.86392342 -1.3339641E-10
      6.8235392      2.5725800     -1.5433186     0.85752666 -1.3364332E-10
      6.8361056      2.5529834     -1.5755239     0.85099448 -1.3388846E-10
      6.8486720      2.5329838     -1.6074804     0.84432793 -1.3413537E-10
      6.8612384      2.5125841     -1.6391830     0.83752804 -1.3438139E-10
      6.8738047      2.4917877     -1.6706268     0.83059590 -1.3462742E-10
      6.8863711      2.4705978     -1.7018068     0.82353260 -1.3487345E-10
      6.8989375      2.4490178     -1.7327181     0.81633925 -1.3511947E-10
      6.9115038      2.4270510     -1.7633558     0.80901699 -1.3536550E-10
      6.9240702      2.4047010     -1.7937149     0.80156698 -1.3561241E-10
      6.9366366      2.3819712     -1.8237909     0.79399040 -1.3585844E-10
      6.9492029      2.3588653     -1.8535788     0.78628843 -1.3610446E-10
      6.9617693      2.3353869     -1.8830741     0.77846230 -1.3634960E-10
      6.9743357      2.3115397     -1.9122720     0.77051324 -1.3659651E-10
      6.9869021      2.2873275     -1.9411679     0.76244251 -1.3684343E-10
      6.9994684      2.2627541     -1.9697573     0.75425138 -1.3708945E-10
      7.0120348      2.2378234     -1.9980356     0.74594115 -1.3733548E-10
      7.0246012      2.2125394     -2.0259984     0.73751312 -1.3758239E-10
      7.0371675      2.1869059     -2.0536413     0.72896863 -1.3782753E-10
      7.0497339      2.1609271     -2.0809599     0.72030902 -1.3807444E-10
      7.0623003      2.1346070     -2.1079499     0.71153568 -1.3832047E-10
      7.0748667      2.1079499     -2.1346070     0.70264997 -1.3856649E-10
      7.0874330      2.0809599     -2.1609271     0.69365331 -1.3881341E-10
      7.0999994      2.0536413     -2.1869059     0.68454711 -1.3905943E-10
      7.1125658      2.0259984     -2.2125393     0.67533281 -1.3930634E-10
      7.1251321      1.9980356     -2.2378234     0.66601187 -1.3955237E-10
      7.1376985      1.9697573     -2.2627541     0.65658576 -1.3979928E-10
      7.1502649      1.9411679     -2.2873275     0.64705596 -1.4004531E-10
      7.1628313      1.9122720     -2.3115397     0.63742399 -1.4029222E-10
      7.1753976      1.8830741     -2.3353869     0.62769136 -1.4053825E-10
      7.1879640      1.8535788     -2.3588653     0.61785961 -1.4078516E-10
      7.2005304      1.8237909     -2.3819712     0.60793030 -1.4103030E-10
      7.2130967      1.7937150     -2.4047010     0.59790498 -1.4127721E-10
      7.2256631      1.7633558     -2.4270510     0.58778525 -1.4152413E-10
      7.2382295      1.7327181     -2.4490177     0.57757270 -1.4177015E-10
      7.2507958      1.7018069     -2.4705978     0.56726895 -1.4201618E-10
      7.2633622      1.6706269     -2.4917877     0.55687562 -1.4226309E-10
      7.2759286      1.6391830     -2.5125841     0.54639435 -1.4250912E-10
      7.2884950      1.6074804     -2.5329838     0.53582679 -1.4275425E-10
      7.3010613      1.5755239     -2.5529834     0.52517463 -1.4300117E-10
      7.3136277      1.5433186     -2.5725800     0.51443953 -1.4324630E-10
      7.3261941      1.5108696     -2.5917702     0.50362320 -1.4349233E-10
      7.3387604      1.4781820     -2.6105513     0.49272734 -1.4373747E-10
      7.3513268      1.4452610     -2.6289200     0.48175367 -1.4398349E-10
      7.3638932      1.4121118     -2.6468737     0.47070393 -1.4423041E-10
      7.3764596      1.3787396     -2.6644093     0.45957986 -1.4447643E-10
      7.3890259      1.3451497     -2.6815243     0.44838322 -1.4472246E-10
      7.4015923      1.3113473     -2.6982158     0.43711577 -1.4496937E-10
      7.4141587      1.2773379     -2.7144812     0.42577929 -1.4521540E-10
      7.4267250      1.2431267     -2.7303179     0.41437558 -1.4546053E-10
      7.4392914      1.2087193     -2.7457235     0.40290644 -1.4570656E-10
      7.4518578      1.1741210     -2.7606955     0.39137367 -1.4595258E-10
      7.4644241      1.1393373     -2.7752316     0.37977910 -1.4619772E-10
      7.4769905      1.1043737     -2.7893295     0.36812455 -1.4644463E-10
      7.4895569      1.0692356     -2.8029868     0.35641188 -1.4669066E-10
      7.5021233      1.0339288     -2.8162016     0.34464292 -1.4693669E-10
      7.5146896     0.99845864     -2.8289716     0.33281954 -1.4718182E-10
      7.5272560     0.96283083     -2.8412949     0.32094361 -1.4742874E-10
      7.5398224     0.92705099     -2.8531695     0.30901699 -1.4767565E-10
      7.5523887     0.89112475     -2.8645936     0.29704158 -1.4792167E-10
      7.5649551     0.85505779     -2.8755654     0.28501926 -1.4816770E-10
      7.5775215     0.81885581     -2.8860830     0.27295194 -1.4841461E-10
      7.5900879     0.78252452     -2.8961449     0.26084151 -1.4865975E-10
      7.6026542     0.74606967     -2.9057495     0.24868989 -1.4890666E-10
      7.6152206     0.70949700     -2.9148952     0.23649900 -1.4915180E-10
      7.6277870     0.67281229     -2.9235806     0.22427076 -1.4939783E-10
      7.6403533     0.63602133     -2.9318044     0.21200711 -1.4964385E-10
      7.6529197     0.59912995     -2.9395652     0.19970998 -1.4988988E-10
      7.6654861     0.56214395     -2.9468618     0.18738131 -1.5013679E-10
      7.6780524     0.52506918     -2.9536930     0.17502306 -1.5038282E-10
      7.6906188     0.48791150     -2.9600578     0.16263717 -1.5062884E-10
      7.7031852     0.45067677     -2.9659552     0.15022559 -1.5087487E-10
      7.7157516     0.41337088     -2.9713843     0.13779029 -1.5112001E-10
      7.7283179     0.37599971     -2.9763441     0.12533323 -1.5136603E-10
      7.7408843     0.33856916     -2.9808339     0.11285638 -1.5161117E-10
      7.7534507     0.30108515     -2.9848531     0.10036171 -1.5185808E-10
      7.7660170     0.26355359     -2.9884008    0.087851197 -1.5210411E-10
      7.7785834     0.22598042     -2.9914767    0.075326806 -1.5235102E-10
      7.7911498     0.18837156     -2.9940802    0.062790520 -1.5259705E-10
      7.8037162     0.15073296     -2.9962109    0.050244318 -1.5284307E-10
      7.8162825     0.11307055     -2.9978684    0.037690183 -1.5308821E-10
      7.8288489    0.075390291     -2.9990526    0.025130095 -1.5333423E-10
      7.8414153    0.037698125     -2.9997631    0.012566040 -1.5358026E-10
      7.8539816  4.8960346E-09     -3.0000000 -5.7425436E-14 -1.5382717E-10
      7.8665480   -0.037698115     -2.9997631   -0.012566040 -1.5407320E-10
      7.8791144   -0.075390281     -2.9990526   -0.025130095 -1.5431922E-10
      7.8916807    -0.11307054     -2.9978684   -0.037690183 -1.5456525E-10
      7.9042471    -0.15073295     -2.9962109   -0.050244318 -1.5481127E-10
      7.9168135    -0.18837155     -2.9940802   -0.062790520 -1.5505730E-10
      7.9293799    -0.22598041     -2.9914767   -0.075326806 -1.5530244E-10
      7.9419462    -0.26355358     -2.9884008   -0.087851197 -1.5554846E-10
      7.9545126    -0.30108514     -2.9848531    -0.10036171 -1.5579626E-10
      7.9670790    -0.33856915     -2.9808339    -0.11285638 -1.5604318E-10
      7.9796453    -0.37599970     -2.9763441    -0.12533323 -1.5628920E-10
      7.9922117    -0.41337087     -2.9713843    -0.13779029 -1.5653523E-10
      8.0047781    -0.45067676     -2.9659552    -0.15022559 -1.5678125E-10
      8.0173445    -0.48791149     -2.9600578    -0.16263717 -1.5702728E-10
      8.0299108    -0.52506917     -2.9536930    -0.17502306 -1.5727242E-10
      8.0424772    -0.56214394     -2.9468618    -0.18738131 -1.5751933E-10
      8.0550436    -0.59912994     -2.9395652    -0.19970998 -1.5776536E-10
      8.0676099    -0.63602132     -2.9318044    -0.21200711 -1.5801138E-10
      8.0801763    -0.67281228     -2.9235806    -0.22427076 -1.5825741E-10
      8.0927427    -0.70949699     -2.9148952    -0.23649900 -1.5850254E-10
      8.1053090    -0.74606966     -2.9057495    -0.24868989 -1.5874857E-10
      8.1178754    -0.78252451     -2.8961449    -0.26084151 -1.5899460E-10
      8.1304418    -0.81885580     -2.8860830    -0.27295194 -1.5923973E-10
      8.1430082    -0.85505778     -2.8755654    -0.28501926 -1.5948576E-10
      8.1555745    -0.89112474     -2.8645936    -0.29704158 -1.5973267E-10
      8.1681409    -0.92705098     -2.8531696    -0.30901699 -1.5997781E-10
      8.1807073    -0.96283082     -2.8412949    -0.32094361 -1.6022295E-10
      8.1932736    -0.99845863     -2.8289716    -0.33281954 -1.6046986E-10
      8.2058400     -1.0339288     -2.8162016    -0.34464292 -1.6071500E-10
      8.2184064     -1.0692356     -2.8029868    -0.35641188 -1.6096191E-10
      8.2309728     -1.1043737     -2.7893295    -0.36812455 -1.6120794E-10
      8.2435391     -1.1393373     -2.7752316    -0.37977910 -1.6145485E-10
      8.2561055     -1.1741210     -2.7606955    -0.39137367 -1.6169999E-10
      8.2686719     -1.2087193     -2.7457235    -0.40290644 -1.6194690E-10
      8.2812382     -1.2431267     -2.7303179    -0.41437558 -1.6219293E-10
      8.2938046     -1.2773379     -2.7144812    -0.42577929 -1.6243895E-10
      8.3063710     -1.3113473     -2.6982158    -0.43711577 -1.6268498E-10
      8.3189373     -1.3451496     -2.6815243    -0.44838322 -1.6293100E-10
      8.3315037     -1.3787396     -2.6644093    -0.45957986 -1.6317614E-10
      8.3440701     -1.4121118     -2.6468737    -0.47070393 -1.6342216E-10
      8.3566365     -1.4452610     -2.6289200    -0.48175367 -1.6366819E-10
      8.3692028     -1.4781820     -2.6105513    -0.49272734 -1.6391422E-10
      8.3817692     -1.5108696     -2.5917703    -0.50362320 -1.6416024E-10
      8.3943356     -1.5433186     -2.5725800    -0.51443953 -1.6440715E-10
      8.4069019     -1.5755239     -2.5529834    -0.52517463 -1.6465318E-10
      8.4194683     -1.6074804     -2.5329838    -0.53582679 -1.6489921E-10
      8.4320347     -1.6391830     -2.5125841    -0.54639435 -1.6514612E-10
      8.4446011     -1.6706268     -2.4917877    -0.55687562 -1.6539126E-10
      8.4571674     -1.7018068     -2.4705978    -0.56726895 -1.6563817E-10
      8.4697338     -1.7327181     -2.4490178    -0.57757270 -1.6588331E-10
      8.4823002     -1.7633558     -2.4270510    -0.58778525 -1.6612933E-10
      8.4948665     -1.7937149     -2.4047010    -0.59790498 -1.6637536E-10
      8.5074329     -1.8237909     -2.3819712    -0.60793030 -1.6662227E-10
      8.5199993     -1.8535788     -2.3588653    -0.61785961 -1.6686830E-10
      8.5325656     -1.8830741     -2.3353869    -0.62769136 -1.6711432E-10
      8.5451320     -1.9122720     -2.3115397    -0.63742399 -1.6735946E-10
      8.5576984     -1.9411679     -2.2873275    -0.64705596 -1.6760549E-10
      8.5702648     -1.9697573     -2.2627541    -0.65658576 -1.6785151E-10
      8.5828311     -1.9980356     -2.2378234    -0.66601187 -1.6809754E-10
      8.5953975     -2.0259984     -2.2125394    -0.67533281 -1.6834534E-10
      8.6079639     -2.0536413     -2.1869059    -0.68454711 -1.6859047E-10
      8.6205302     -2.0809599     -2.1609271    -0.69365331 -1.6883739E-10
      8.6330966     -2.1079499     -2.1346070    -0.70264997 -1.6908341E-10
      8.6456630     -2.1346070     -2.1079499    -0.71153568 -1.6932944E-10
      8.6582294     -2.1609271     -2.0809599    -0.72030902 -1.6957635E-10
      8.6707957     -2.1869059     -2.0536413    -0.72896863 -1.6982149E-10
      8.6833621     -2.2125393     -2.0259984    -0.73751312 -1.7006840E-10
      8.6959285     -2.2378234     -1.9980356    -0.74594115 -1.7031532E-10
      8.7084948     -2.2627541     -1.9697573    -0.75425138 -1.7056134E-10
      8.7210612     -2.2873275     -1.9411679    -0.76244251 -1.7080737E-10
      8.7336276     -2.3115397     -1.9122720    -0.77051324 -1.7105339E-10
      8.7461939     -2.3353869     -1.8830741    -0.77846230 -1.7129942E-10
      8.7587603     -2.3588653     -1.8535788    -0.78628843 -1.7154544E-10
      8.7713267     -2.3819712     -1.8237909    -0.79399040 -1.7179147E-10
      8.7838931     -2.4047010     -1.7937150    -0.80156698 -1.7203750E-10
      8.7964594     -2.4270510     -1.7633558    -0.80901699 -1.7228352E-10
      8.8090258     -2.4490177     -1.7327181    -0.81633925 -1.7252955E-10
      8.8215922     -2.4705978     -1.7018069    -0.82353260 -1.7277557E-10
      8.8341585     -2.4917877     -1.6706269    -0.83059590 -1.7302249E-10
      8.8467249     -2.5125841     -1.6391830    -0.83752804 -1.7326762E-10
      8.8592913     -2.5329838     -1.6074804    -0.84432793 -1.7351365E-10
      8.8718577     -2.5529834     -1.5755239    -0.85099448 -1.7375967E-10
      8.8844240     -2.5725800     -1.5433186    -0.85752666 -1.7400570E-10
      8.8969904     -2.5917702     -1.5108696    -0.86392342 -1.7425172E-10
      8.9095568     -2.6105513     -1.4781820    -0.87018375 -1.7449864E-10
      8.9221231     -2.6289200     -1.4452610    -0.87630668 -1.7474466E-10
      8.9346895     -2.6468737     -1.4121118    -0.88229123 -1.7499158E-10
      8.9472559     -2.6644093     -1.3787396    -0.88813645 -1.7523760E-10
      8.9598222     -2.6815243     -1.3451497    -0.89384142 -1.7548452E-10
      8.9723886     -2.6982158     -1.3113473    -0.89940525 -1.7573054E-10
      8.9849550     -2.7144812     -1.2773379    -0.90482705 -1.7597745E-10
      8.9975214     -2.7303179     -1.2431267    -0.91010597 -1.7622259E-10
      9.0100877     -2.7457235     -1.2087193    -0.91524117 -1.7646951E-10
      9.0226541     -2.7606955     -1.1741210    -0.92023185 -1.7671464E-10
      9.0352205     -2.7752316     -1.1393373    -0.92507721 -1.7696067E-10
      9.0477868     -2.7893295     -1.1043737    -0.92977649 -1.7720669E-10
      9.0603532     -2.8029868     -1.0692356    -0.93432894 -1.7745272E-10
      9.0729196     -2.8162016     -1.0339288    -0.93873386 -1.7769786E-10
      9.0854860     -2.8289716    -0.99845864    -0.94299054 -1.7794388E-10
      9.0980523     -2.8412949    -0.96283083    -0.94709830 -1.7818991E-10
      9.1106187     -2.8531695    -0.92705099    -0.95105652 -1.7843593E-10
      9.1231851     -2.8645936    -0.89112475    -0.95486454 -1.7868196E-10
      9.1357514     -2.8755654    -0.85505779    -0.95852179 -1.7892798E-10
      9.1483178     -2.8860830    -0.81885581    -0.96202767 -1.7917490E-10
      9.1608842     -2.8961449    -0.78252452    -0.96538164 -1.7942092E-10
      9.1734505     -2.9057495    -0.74606967    -0.96858316 -1.7966784E-10
      9.1860169     -2.9148952    -0.70949700    -0.97163173 -1.7991209E-10
      9.1985833     -2.9235806    -0.67281229    -0.97452687 -1.8015811E-10
      9.2111497     -2.9318044    -0.63602134    -0.97726812 -1.8040502E-10
      9.2237160     -2.9395652    -0.59912995    -0.97985505 -1.8065016E-10
      9.2362824     -2.9468618    -0.56214395    -0.98228725 -1.8089708E-10
      9.2488488     -2.9536930    -0.52506918    -0.98456433 -1.8114310E-10
      9.2614151     -2.9600578    -0.48791150    -0.98668594 -1.8138913E-10
      9.2739815     -2.9659552    -0.45067677    -0.98865174 -1.8163426E-10
      9.2865479     -2.9713843    -0.41337088    -0.99046143 -1.8188206E-10
      9.2991143     -2.9763441    -0.37599971    -0.99211470 -1.8212720E-10
      9.3116806     -2.9808339    -0.33856916    -0.99361131 -1.8237412E-10
      9.3242470     -2.9848531    -0.30108515    -0.99495102 -1.8262014E-10
      9.3368134     -2.9884008    -0.26355360    -0.99613361 -1.8286705E-10
      9.3493797     -2.9914767    -0.22598042    -0.99715890 -1.8311397E-10
      9.3619461     -2.9940802    -0.18837156    -0.99802673 -1.8335999E-10
      9.3745125     -2.9962109    -0.15073296    -0.99873696 -1.8360602E-10
      9.3870788     -2.9978684    -0.11307055    -0.99928947 -1.8385204E-10
      9.3996452     -2.9990526   -0.075390292    -0.99968419 -1.8409718E-10
      9.4122116     -2.9997631   -0.037698126    -0.99992104 -1.8434410E-10
      9.4247780     -3.0000000 -5.8752427E-09     -1.0000000 -1.8459101E-10
      9.4373443     -2.9997631    0.037698114    -0.99992104 -1.8483703E-10
      9.4499107     -2.9990526    0.075390280    -0.99968419 -1.8508306E-10
      9.4624771     -2.9978684     0.11307054    -0.99928947 -1.8532997E-10
      9.4750434     -2.9962109     0.15073295    -0.99873696 -1.8557689E-10
      9.4876098     -2.9940802     0.18837155    -0.99802673 -1.8582202E-10
      9.5001762     -2.9914767     0.22598041    -0.99715890 -1.8606805E-10
      9.5127426     -2.9884008     0.26355358    -0.99613361 -1.8631408E-10
      9.5253089     -2.9848531     0.30108514    -0.99495102 -1.8656099E-10
      9.5378753     -2.9808339     0.33856915    -0.99361131 -1.8680613E-10
      9.5504417     -2.9763441     0.37599969    -0.99211470 -1.8705304E-10
      9.5630080     -2.9713843     0.41337087    -0.99046143 -1.8729907E-10
      9.5755744     -2.9659552     0.45067676    -0.98865174 -1.8754687E-10
      9.5881408     -2.9600578     0.48791149    -0.98668594 -1.8779289E-10
      9.6007071     -2.9536930     0.52506917    -0.98456433 -1.8803892E-10
      9.6132735     -2.9468618     0.56214394    -0.98228725 -1.8828406E-10
      9.6258399     -2.9395652     0.59912994    -0.97985505 -1.8853097E-10
      9.6384063     -2.9318044     0.63602132    -0.97726812 -1.8877788E-10
      9.6509726     -2.9235806     0.67281228    -0.97452687 -1.8902391E-10
      9.6635390     -2.9148952     0.70949699    -0.97163173 -1.8926904E-10
      9.6761054     -2.9057495     0.74606966    -0.96858316 -1.8951507E-10
      9.6886717     -2.8961449     0.78252451    -0.96538164 -1.8976110E-10
      9.7012381     -2.8860830     0.81885580    -0.96202767 -1.9000801E-10
      9.7138045     -2.8755654     0.85505778    -0.95852179 -1.9025492E-10
      9.7263709     -2.8645936     0.89112474    -0.95486454 -1.9050095E-10
      9.7389372     -2.8531696     0.92705098    -0.95105652 -1.9074697E-10
      9.7515036     -2.8412949     0.96283082    -0.94709830 -1.9099300E-10
      9.7640700     -2.8289716     0.99845863    -0.94299054 -1.9123902E-10
      9.7766363     -2.8162016      1.0339288    -0.93873386 -1.9148594E-10
      9.7892027     -2.8029868      1.0692356    -0.93432894 -1.9173285E-10
      9.8017691     -2.7893295      1.1043737    -0.92977649 -1.9197888E-10
      9.8143354     -2.7752316      1.1393373    -0.92507721 -1.9222401E-10
      9.8269018     -2.7606955      1.1741210    -0.92023185 -1.9247004E-10
      9.8394682     -2.7457235      1.2087193    -0.91524117 -1.9271695E-10
      9.8520346     -2.7303179      1.2431267    -0.91010597 -1.9296298E-10
      9.8646009     -2.7144812      1.2773379    -0.90482705 -1.9320812E-10
      9.8771673     -2.6982158      1.3113473    -0.89940525 -1.9345503E-10
      9.8897337     -2.6815243      1.3451496    -0.89384142 -1.9370106E-10
      9.9023000     -2.6644093      1.3787396    -0.88813645 -1.9394708E-10
      9.9148664     -2.6468737      1.4121118    -0.88229123 -1.9419311E-10
      9.9274328     -2.6289200      1.4452610    -0.87630668 -1.9443913E-10
      9.9399992     -2.6105513      1.4781820    -0.87018375 -1.9468516E-10
      9.9525655     -2.5917703      1.5108696    -0.86392342 -1.9493207E-10
      9.9651319     -2.5725800      1.5433186    -0.85752666 -1.9517721E-10
      9.9776983     -2.5529834      1.5755239    -0.85099448 -1.9542234E-10
      9.9902646     -2.5329838      1.6074804    -0.84432793 -1.9566926E-10
      10.002831     -2.5125841      1.6391830    -0.83752804 -1.9591617E-10
      10.015397     -2.4917877      1.6706268    -0.83059590 -1.9616131E-10
      10.027964     -2.4705978      1.7018068    -0.82353260 -1.9640822E-10
      10.040530     -2.4490178      1.7327181    -0.81633925 -1.9665425E-10
      10.053096     -2.4270510      1.7633558    -0.80901699 -1.9690027E-10
      10.065663     -2.4047010      1.7937149    -0.80156698 -1.9714719E-10
      10.078229     -2.3819712      1.8237909    -0.79399040 -1.9739232E-10
      10.090796     -2.3588653      1.8535788    -0.78628843 -1.9763835E-10
      10.103362     -2.3353869      1.8830741    -0.77846230 -1.9788438E-10
      10.115928     -2.3115397      1.9122720    -0.77051324 -1.9813040E-10
      10.128495     -2.2873275      1.9411679    -0.76244251 -1.9837643E-10
      10.141061     -2.2627541      1.9697573    -0.75425138 -1.9862334E-10
      10.153627     -2.2378234      1.9980356    -0.74594115 -1.9886937E-10
      10.166194     -2.2125394      2.0259984    -0.73751312 -1.9911450E-10
      10.178760     -2.1869059      2.0536413    -0.72896863 -1.9936053E-10
      10.191327     -2.1609271      2.0809599    -0.72030902 -1.9960744E-10
      10.203893     -2.1346070      2.1079499    -0.71153568 -1.9985347E-10
      10.216459     -2.1079499      2.1346070    -0.70264997 -2.0009949E-10
      10.229026     -2.0809599      2.1609271    -0.69365331 -2.0034552E-10
      10.241592     -2.0536413      2.1869059    -0.68454711 -2.0059154E-10
      10.254158     -2.0259984      2.2125393    -0.67533281 -2.0083846E-10
      10.266725     -1.9980356      2.2378234    -0.66601187 -2.0108448E-10
      10.279291     -1.9697573      2.2627541    -0.65658576 -2.0133051E-10
      10.291858     -1.9411679      2.2873275    -0.64705596 -2.0157742E-10
      10.304424     -1.9122720      2.3115397    -0.63742399 -2.0182345E-10
      10.316990     -1.8830741      2.3353869    -0.62769136 -2.0207036E-10
      10.329557     -1.8535788      2.3588653    -0.61785961 -2.0231639E-10
      10.342123     -1.8237909      2.3819712    -0.60793030 -2.0256241E-10
      10.354689     -1.7937150      2.4047010    -0.59790498 -2.0280755E-10
      10.367256     -1.7633558      2.4270510    -0.58778525 -2.0305357E-10
      10.379822     -1.7327181      2.4490177    -0.57757270 -2.0330049E-10
      10.392388     -1.7018069      2.4705978    -0.56726895 -2.0354562E-10
      10.404955     -1.6706269      2.4917877    -0.55687562 -2.0379165E-10
      10.417521     -1.6391830      2.5125841    -0.54639435 -2.0403768E-10
      10.430088     -1.6074804      2.5329838    -0.53582679 -2.0428370E-10
      10.442654     -1.5755239      2.5529834    -0.52517463 -2.0452973E-10
      10.455220     -1.5433186      2.5725800    -0.51443953 -2.0477664E-10
      10.467787     -1.5108696      2.5917702    -0.50362320 -2.0502267E-10
      10.480353     -1.4781820      2.6105513    -0.49272734 -2.0526869E-10
      10.492919     -1.4452610      2.6289200    -0.48175367 -2.0551383E-10
      10.505486     -1.4121118      2.6468737    -0.47070393 -2.0575985E-10
      10.518052     -1.3787396      2.6644093    -0.45957986 -2.0600588E-10
      10.530619     -1.3451497      2.6815243    -0.44838322 -2.0625190E-10
      10.543185     -1.3113473      2.6982158    -0.43711577 -2.0649793E-10
      10.555751     -1.2773379      2.7144812    -0.42577929 -2.0674484E-10
      10.568318     -1.2431267      2.7303179    -0.41437558 -2.0698998E-10
      10.580884     -1.2087193      2.7457235    -0.40290644 -2.0723601E-10
      10.593450     -1.1741210      2.7606955    -0.39137367 -2.0748203E-10
      10.606017     -1.1393373      2.7752316    -0.37977910 -2.0772895E-10
      10.618583     -1.1043737      2.7893295    -0.36812455 -2.0797586E-10
      10.631150     -1.0692356      2.8029868    -0.35641188 -2.0822188E-10
      10.643716     -1.0339288      2.8162016    -0.34464292 -2.0846791E-10
      10.656282    -0.99845864      2.8289716    -0.33281954 -2.0871394E-10
      10.668849    -0.96283084      2.8412949    -0.32094361 -2.0896085E-10
      10.681415    -0.92705099      2.8531695    -0.30901699 -2.0920687E-10
      10.693981    -0.89112475      2.8645936    -0.29704158 -2.0945290E-10
      10.706548    -0.85505779      2.8755654    -0.28501926 -2.0969892E-10
      10.719114    -0.81885581      2.8860830    -0.27295194 -2.0994495E-10
      10.731681    -0.78252453      2.8961449    -0.26084151 -2.1019098E-10
      10.744247    -0.74606967      2.9057495    -0.24868989 -2.1043700E-10
      10.756813    -0.70949700      2.9148952    -0.23649900 -2.1068214E-10
      10.769380    -0.67281229      2.9235806    -0.22427076 -2.1092905E-10
      10.781946    -0.63602134      2.9318044    -0.21200711 -2.1117419E-10
      10.794512    -0.59912995      2.9395652    -0.19970998 -2.1142021E-10
      10.807079    -0.56214395      2.9468618    -0.18738131 -2.1166535E-10
      10.819645    -0.52506918      2.9536930    -0.17502306 -2.1191315E-10
      10.832211    -0.48791150      2.9600578    -0.16263717 -2.1215918E-10
      10.844778    -0.45067677      2.9659552    -0.15022559 -2.1240609E-10
      10.857344    -0.41337088      2.9713843    -0.13779029 -2.1265212E-10
      10.869911    -0.37599971      2.9763441    -0.12533323 -2.1289814E-10
      10.882477    -0.33856916      2.9808339    -0.11285638 -2.1314417E-10
      10.895043    -0.30108515      2.9848531    -0.10036171 -2.1339019E-10
      10.907610    -0.26355360      2.9884008   -0.087851197 -2.1363711E-10
      10.920176    -0.22598042      2.9914767   -0.075326806 -2.1388313E-10
      10.932742    -0.18837157      2.9940802   -0.062790520 -2.1412916E-10
      10.945309    -0.15073296      2.9962109   -0.050244318 -2.1437518E-10
      10.957875    -0.11307055      2.9978684   -0.037690183 -2.1462210E-10
      10.970442   -0.075390293      2.9990526   -0.025130095 -2.1486901E-10
      10.983008   -0.037698126      2.9997631   -0.012566040 -2.1511504E-10
      10.995574 -6.8544501E-09      3.0000000 -1.2832632E-13 -2.1536195E-10
      11.008141    0.037698113      2.9997631    0.012566040 -2.1560798E-10
      11.020707    0.075390279      2.9990526    0.025130095 -2.1585400E-10
      11.033273     0.11307054      2.9978684    0.037690183 -2.1610091E-10
      11.045840     0.15073295      2.9962109    0.050244318 -2.1634605E-10
      11.058406     0.18837155      2.9940802    0.062790520 -2.1659208E-10
      11.070973     0.22598041      2.9914767    0.075326806 -2.1683810E-10
      11.083539     0.26355358      2.9884008    0.087851197 -2.1708324E-10
      11.096105     0.30108514      2.9848531     0.10036171 -2.1732927E-10
      11.108672     0.33856915      2.9808339     0.11285638 -2.1757618E-10
      11.121238     0.37599969      2.9763441     0.12533323 -2.1782220E-10
      11.133804     0.41337087      2.9713843     0.13779029 -2.1806823E-10
      11.146371     0.45067676      2.9659552     0.15022559 -2.1831426E-10
      11.158937     0.48791149      2.9600578     0.16263717 -2.1856117E-10
      11.171503     0.52506917      2.9536930     0.17502306 -2.1880719E-10
      11.184070     0.56214394      2.9468618     0.18738131 -2.1905322E-10
      11.196636     0.59912993      2.9395652     0.19970998 -2.1929925E-10
      11.209203     0.63602132      2.9318044     0.21200711 -2.1954527E-10
      11.221769     0.67281228      2.9235806     0.22427076 -2.1979041E-10
      11.234335     0.70949698      2.9148952     0.23649900 -2.2003732E-10
      11.246902     0.74606965      2.9057495     0.24868989 -2.2028335E-10
      11.259468     0.78252451      2.8961449     0.26084151 -2.2052937E-10
      11.272034     0.81885580      2.8860830     0.27295194 -2.2077629E-10
      11.284601     0.85505778      2.8755654     0.28501926 -2.2102231E-10
      11.297167     0.89112474      2.8645936     0.29704158 -2.2126834E-10
      11.309734     0.92705098      2.8531696     0.30901699 -2.2151436E-10
      11.322300     0.96283082      2.8412949     0.32094361 -2.2176039E-10
      11.334866     0.99845863      2.8289716     0.33281954 -2.2200641E-10
      11.347433      1.0339288      2.8162016     0.34464292 -2.2225244E-10
      11.359999      1.0692356      2.8029868     0.35641188 -2.2249935E-10
      11.372565      1.1043737      2.7893295     0.36812455 -2.2274538E-10
      11.385132      1.1393373      2.7752316     0.37977910 -2.2299140E-10
      11.397698      1.1741210      2.7606955     0.39137367 -2.2323743E-10
      11.410265      1.2087193      2.7457235     0.40290644 -2.2348345E-10
      11.422831      1.2431267      2.7303179     0.41437558 -2.2372859E-10
      11.435397      1.2773379      2.7144812     0.42577929 -2.2397550E-10
      11.447964      1.3113473      2.6982158     0.43711577 -2.2422153E-10
      11.460530      1.3451496      2.6815243     0.44838322 -2.2446756E-10
      11.473096      1.3787396      2.6644093     0.45957986 -2.2471358E-10
      11.485663      1.4121118      2.6468737     0.47070393 -2.2496049E-10
      11.498229      1.4452610      2.6289200     0.48175367 -2.2520563E-10
      11.510795      1.4781820      2.6105513     0.49272734 -2.2545255E-10
      11.523362      1.5108696      2.5917703     0.50362320 -2.2569857E-10
      11.535928      1.5433186      2.5725800     0.51443953 -2.2594460E-10
      11.548495      1.5755239      2.5529834     0.52517463 -2.2619062E-10
      11.561061      1.6074804      2.5329838     0.53582679 -2.2643665E-10
      11.573627      1.6391830      2.5125841     0.54639435 -2.2668178E-10
      11.586194      1.6706268      2.4917877     0.55687562 -2.2692781E-10
      11.598760      1.7018068      2.4705978     0.56726895 -2.2717384E-10
      11.611326      1.7327181      2.4490178     0.57757270 -2.2741986E-10
      11.623893      1.7633558      2.4270510     0.58778525 -2.2766589E-10
      11.636459      1.7937149      2.4047010     0.59790498 -2.2791191E-10
      11.649026      1.8237909      2.3819712     0.60793030 -2.2815794E-10
      11.661592      1.8535788      2.3588653     0.61785961 -2.2840396E-10
      11.674158      1.8830741      2.3353869     0.62769136 -2.2864999E-10
      11.686725      1.9122720      2.3115397     0.63742399 -2.2889513E-10
      11.699291      1.9411679      2.2873275     0.64705596 -2.2914115E-10
      11.711857      1.9697573      2.2627541     0.65658576 -2.2938806E-10
      11.724424      1.9980356      2.2378234     0.66601187 -2.2963498E-10
      11.736990      2.0259984      2.2125394     0.67533281 -2.2988011E-10
      11.749557      2.0536413      2.1869059     0.68454711 -2.3012703E-10
      11.762123      2.0809599      2.1609271     0.69365331 -2.3037305E-10
      11.774689      2.1079499      2.1346070     0.70264997 -2.3061997E-10
      11.787256      2.1346070      2.1079499     0.71153568 -2.3086599E-10
      11.799822      2.1609271      2.0809599     0.72030902 -2.3111113E-10
      11.812388      2.1869059      2.0536413     0.72896863 -2.3135716E-10
      11.824955      2.2125393      2.0259984     0.73751312 -2.3160318E-10
      11.837521      2.2378234      1.9980356     0.74594115 -2.3185009E-10
      11.850087      2.2627541      1.9697573     0.75425138 -2.3209523E-10
      11.862654      2.2873275      1.9411679     0.76244251 -2.3234126E-10
      11.875220      2.3115397      1.9122720     0.77051324 -2.3258817E-10
      11.887787      2.3353869      1.8830741     0.77846230 -2.3283420E-10
      11.900353      2.3588653      1.8535788     0.78628843 -2.3308022E-10
      11.912919      2.3819712      1.8237909     0.79399040 -2.3332625E-10
      11.925486      2.4047010      1.7937150     0.80156698 -2.3357316E-10
      11.938052      2.4270510      1.7633558     0.80901699 -2.3381830E-10
      11.950618      2.4490177      1.7327181     0.81633925 -2.3406432E-10
      11.963185      2.4705978      1.7018069     0.82353260 -2.3431035E-10
      11.975751      2.4917877      1.6706269     0.83059590 -2.3455549E-10
      11.988318      2.5125841      1.6391830     0.83752804 -2.3480151E-10
      12.000884      2.5329838      1.6074804     0.84432793 -2.3504843E-10
      12.013450      2.5529834      1.5755239     0.85099448 -2.3529356E-10
      12.026017      2.5725800      1.5433186     0.85752666 -2.3554048E-10
      12.038583      2.5917702      1.5108696     0.86392342 -2.3578650E-10
      12.051149      2.6105513      1.4781820     0.87018375 -2.3603164E-10
      12.063716      2.6289200      1.4452610     0.87630668 -2.3627855E-10
      12.076282      2.6468737      1.4121118     0.88229123 -2.3652458E-10
      12.088849      2.6644093      1.3787396     0.88813645 -2.3677060E-10
      12.101415      2.6815243      1.3451497     0.89384142 -2.3701574E-10
      12.113981      2.6982158      1.3113473     0.89940525 -2.3726265E-10
      12.126548      2.7144812      1.2773379     0.90482705 -2.3750868E-10
      12.139114      2.7303179      1.2431267     0.91010597 -2.3775470E-10
      12.151680      2.7457235      1.2087193     0.91524117 -2.3800162E-10
      12.164247      2.7606955      1.1741210     0.92023185 -2.3824764E-10
      12.176813      2.7752316      1.1393373     0.92507721 -2.3849456E-10
      12.189379      2.7893295      1.1043737     0.92977649 -2.3874058E-10
      12.201946      2.8029868      1.0692356     0.93432894 -2.3898661E-10
      12.214512      2.8162016      1.0339288     0.93873386 -2.3923175E-10
      12.227079      2.8289716     0.99845864     0.94299054 -2.3947866E-10
      12.239645      2.8412949     0.96283084     0.94709830 -2.3972468E-10
      12.252211      2.8531695     0.92705099     0.95105652 -2.3997071E-10
      12.264778      2.8645936     0.89112475     0.95486454 -2.4021762E-10
      12.277344      2.8755654     0.85505779     0.95852179 -2.4046365E-10
      12.289910      2.8860830     0.81885581     0.96202767 -2.4070967E-10
      12.302477      2.8961449     0.78252453     0.96538164 -2.4095481E-10
      12.315043      2.9057495     0.74606967     0.96858316 -2.4120084E-10
      12.327610      2.9148952     0.70949700     0.97163173 -2.4144775E-10
      12.340176      2.9235806     0.67281229     0.97452687 -2.4169378E-10
      12.352742      2.9318044     0.63602134     0.97726812 -2.4193891E-10
      12.365309      2.9395652     0.59912995     0.97985505 -2.4218583E-10
      12.377875      2.9468618     0.56214395     0.98228725 -2.4243185E-10
      12.390441      2.9536930     0.52506918     0.98456433 -2.4267610E-10
      12.403008      2.9600578     0.48791150     0.98668594 -2.4292302E-10
      12.415574      2.9659552     0.45067678     0.98865174 -2.4316904E-10
      12.428141      2.9713843     0.41337088     0.99046143 -2.4341507E-10
      12.440707      2.9763441     0.37599971     0.99211470 -2.4366109E-10
      12.453273      2.9808339     0.33856916     0.99361131 -2.4390712E-10
      12.465840      2.9848531     0.30108515     0.99495102 -2.4415225E-10
      12.478406      2.9884008     0.26355360     0.99613361 -2.4439828E-10
      12.490972      2.9914767     0.22598042     0.99715890 -2.4464519E-10
      12.503539      2.9940802     0.18837157     0.99802673 -2.4489033E-10
      12.516105      2.9962109     0.15073296     0.99873696 -2.4513547E-10
      12.528672      2.9978684     0.11307056     0.99928947 -2.4538238E-10
      12.541238      2.9990526    0.075390294     0.99968419 -2.4562841E-10
      12.553804      2.9997631    0.037698127     0.99992104 -2.4587443E-10
      12.566371      3.0000000  7.8336564E-09      1.0000000 -2.4612135E-10
      12.578937      2.9997631   -0.037698112     0.99992104 -2.4636737E-10
