     0.12566371     0.37599892      2.9763441     0.99211470 -2.4562982E-07
     0.25132741     0.74606811      2.9057497     0.96858316 -4.9125963E-07
     0.37699112      1.1043714      2.7893301     0.92977649 -7.3688942E-07
     0.50265482      1.4452581      2.6289213     0.87630668 -9.8251920E-07
     0.62831853      1.7633524      2.4270529     0.80901699 -1.2281490E-06
     0.75398224      2.0536376      2.1869087     0.72896863 -1.4737787E-06
     0.87964594      2.3115358      1.9122758     0.63742399 -1.7194085E-06
      1.0053096      2.5329799      1.6074853     0.53582679 -1.9650382E-06
      1.1309734      2.7144775      1.2773439     0.42577929 -2.2106679E-06
      1.2566371      2.8531664     0.92705814     0.30901699 -2.4562976E-06
      1.3823008      2.9468593     0.56215219     0.18738131 -2.7019273E-06
      1.5079645      2.9940786     0.18838083    0.062790520 -2.9475570E-06
      1.6336282      2.9940798    -0.18836138   -0.062790520 -3.1931866E-06
      1.7592919      2.9468627    -0.56213302    -0.18738131 -3.4388163E-06
      1.8849556      2.8531720    -0.92703949    -0.30901699 -3.6844459E-06
      2.0106193      2.7144853     -1.2773260    -0.42577929 -3.9300755E-06
      2.1362830      2.5329897     -1.6074685    -0.53582679 -4.1757051E-06
      2.2619467      2.3115475     -1.9122602    -0.63742399 -4.4213347E-06
      2.3876104      2.0536510     -2.1868946    -0.72896863 -4.6669643E-06
      2.5132741      1.7633674     -2.4270405    -0.80901699 -4.9125939E-06
      2.6389378      1.4452745     -2.6289107    -0.87630668 -5.1582234E-06
      2.7646015      1.1043889     -2.7893215    -0.92977649 -5.4038530E-06
      2.8902652     0.74608655     -2.9057432    -0.96858316 -5.6494825E-06
      3.0159289     0.37601800     -2.9763398    -0.99211470 -5.8951120E-06
      3.1415927  1.9474904E-05     -2.9999980     -1.0000000 -6.1407415E-06
      3.2672564    -0.37597934     -2.9763445    -0.99211470 -6.3863710E-06
      3.3929201    -0.74604874     -2.9057526    -0.96858316 -6.6320005E-06
      3.5185838     -1.1043525     -2.7893354    -0.92977649 -6.8776299E-06
      3.6442475     -1.4452401     -2.6289288    -0.87630668 -7.1232594E-06
      3.7699112     -1.7633354     -2.4270627    -0.80901699 -7.3688888E-06
      3.8955749     -2.0536220     -2.1869206    -0.72896863 -7.6145182E-06
      4.0212386     -2.3115218     -1.9122895    -0.63742399 -7.8601476E-06
      4.1469023     -2.5329677     -1.6075006    -0.53582679 -8.1057770E-06
      4.2725660     -2.7144674     -1.2773607    -0.42577929 -8.3514064E-06
      4.3982297     -2.8531584    -0.92707603    -0.30901699 -8.5970357E-06
      4.5238934     -2.9468536    -0.56217094    -0.18738131 -8.8426651E-06
      4.6495571     -2.9940754    -0.18840013   -0.062790520 -9.0882944E-06
      4.7752208     -2.9940789     0.18834182    0.062790520 -9.3339238E-06
      4.9008845     -2.9468643     0.56211350     0.18738131 -9.5795531E-06
      5.0265482     -2.8531761     0.92702034     0.30901699 -9.8251824E-06
      5.1522120     -2.7144917      1.2773075     0.42577929 -1.0070812E-05
      5.2778757     -2.5329984      1.6074509     0.53582679 -1.0316441E-05
      5.4035394     -2.3115584      1.9122439     0.63742399 -1.0562070E-05
      5.5292031     -2.0536638      2.1868798     0.72896863 -1.0807699E-05
      5.6548668     -1.7633820      2.4270274     0.80901699 -1.1053329E-05
      5.7805305     -1.4452906      2.6288995     0.87630668 -1.1298958E-05
      5.9061942     -1.1044063      2.7893124     0.92977649 -1.1544587E-05
      6.0318579    -0.74610490      2.9057364     0.96858316 -1.1790216E-05
      6.1575216    -0.37603707      2.9763353     0.99211470 -1.2035845E-05
      6.2831853 -3.8949781E-05      2.9999959      1.0000000 -1.2281475E-05
      6.4088490     0.37595976      2.9763449     0.99211470 -1.2527104E-05
      6.5345127     0.74602937      2.9057554     0.96858316 -1.2772733E-05
      6.6601764      1.1043337      2.7893406     0.92977649 -1.3018362E-05
      6.7858401      1.4452220      2.6289364     0.87630668 -1.3263991E-05
      6.9115038      1.7633184      2.4270725     0.80901699 -1.3509620E-05
      7.0371675      2.0536064      2.1869324     0.72896863 -1.3755249E-05
      7.1628313      2.3115078      1.9123032     0.63742399 -1.4000878E-05
      7.2884950      2.5329556      1.6075160     0.53582679 -1.4246507E-05
      7.4141587      2.7144572      1.2773774     0.42577929 -1.4492136E-05
      7.5398224      2.8531504     0.92709392     0.30901699 -1.4737766E-05
      7.6654861      2.9468479     0.56218968     0.18738131 -1.4983395E-05
      7.7911498      2.9940721     0.18841944    0.062790520 -1.5229024E-05
      7.9168135      2.9940781    -0.18832225   -0.062790520 -1.5474653E-05
      8.0424772      2.9468659    -0.56209399    -0.18738131 -1.5720281E-05
      8.1681409      2.8531801    -0.92700118    -0.30901699 -1.5965910E-05
      8.2938046      2.7144982     -1.2772891    -0.42577929 -1.6211539E-05
      8.4194683      2.5330071     -1.6074334    -0.53582679 -1.6457168E-05
      8.5451320      2.3115692     -1.9122276    -0.63742399 -1.6702797E-05
      8.6707957      2.0536766     -2.1868650    -0.72896863 -1.6948426E-05
      8.7964594      1.7633965     -2.4270143    -0.80901699 -1.7194055E-05
      8.9221231      1.4453067     -2.6288883    -0.87630668 -1.7439684E-05
      9.0477868      1.1044236     -2.7893033    -0.92977649 -1.7685313E-05
      9.1734505     0.74612326     -2.9057296    -0.96858316 -1.7930942E-05
      9.2991143     0.37605613     -2.9763309    -0.99211470 -1.8176571E-05
      9.4247780  5.8424631E-05     -2.9999939     -1.0000000 -1.8422199E-05
      9.5504417    -0.37594018     -2.9763453    -0.99211470 -1.8667828E-05
      9.6761054    -0.74601000     -2.9057583    -0.96858316 -1.8913457E-05
      9.8017691     -1.1043148     -2.7893459    -0.92977649 -1.9159086E-05
      9.9274328     -1.4452040     -2.6289440    -0.87630668 -1.9404715E-05
      10.053096     -1.7633015     -2.4270823    -0.80901699 -1.9650343E-05
      10.178760     -2.0535908     -2.1869442    -0.72896863 -1.9895972E-05
      10.304424     -2.3114938     -1.9123169    -0.63742399 -2.0141601E-05
      10.430088     -2.5329434     -1.6075313    -0.53582679 -2.0387229E-05
      10.555751     -2.7144471     -1.2773942    -0.42577929 -2.0632858E-05
      10.681415     -2.8531425    -0.92711181    -0.30901699 -2.0878487E-05
      10.807079     -2.9468423    -0.56220843    -0.18738131 -2.1124116E-05
      10.932742     -2.9940688    -0.18843875   -0.062790520 -2.1369744E-05
      11.058406     -2.9940773     0.18830269    0.062790520 -2.1615373E-05
      11.184070     -2.9468676     0.56207448     0.18738131 -2.1861002E-05
      11.309734     -2.8531842     0.92698203     0.30901699 -2.2106630E-05
      11.435397     -2.7145046      1.2772706     0.42577929 -2.2352259E-05
      11.561061     -2.5330158      1.6074158     0.53582679 -2.2597887E-05
      11.686725     -2.3115800      1.9122113     0.63742399 -2.2843516E-05
      11.812388     -2.0536894      2.1868501     0.72896863 -2.3089145E-05
      11.938052     -1.7634111      2.4270012     0.80901699 -2.3334773E-05
      12.063716     -1.4453228      2.6288771     0.87630668 -2.3580402E-05
      12.189379     -1.1044410      2.7892943     0.92977649 -2.3826030E-05
      12.315043    -0.74614161      2.9057227     0.96858316 -2.4071659E-05
      12.440707    -0.37607520      2.9763264     0.99211470 -2.4317287E-05
      12.566371 -7.7899455E-05      2.9999918      1.0000000 -2.4562916E-05
      12.692034     0.37592061      2.9763458     0.99211470 -2.4808544E-05
